	0	0	15.6238	0	0	0	0	0	0	0	0	0	0	0	0	0	0	0	0	0	0	0
	15.75	0	0	5.4993	0	0	0	0	0	0	0	0	0	0	0	0	0	0	0	0	0	0
	15.9167	0	0	15.3093	0	0	0	0	0	0	0	0	0	0	0	0	0	0	0	0	0	0
	0	0	0	0	0	0	0	0	0	0	0	0	0	0	0	0	0	0	0	0	0	0
	93.8843	0	0	14	0	0	0	0	0	0	0	0	0	0	0	0	0	0	0	0	0	0
	16.125	0	0	14.8866	0	0	0	0	0	0	0	0	0	0	0	0	0	0	0	0	0	0
	0	15	14.6667	0	0	0	0	0	0	0	0	0	0	0	0	0	0	0	0	0	0	0
	123.781	0	0	14.0001	0	0	0	0	0	0	0	0	0	0	0	0	0	0	0	0	0	0
	15.9935	0	0	14.7426	0	0	0	0	0	0	0	0	0	0	0	0	0	0	0	0	0	0
	0	0	15.9998	0	0	0	0	0	0	0	0	0	0	0	0	0	0	0	0	0	0	0
	94.0653	0	0	13.9996	0	0	0	0	0	0	0	0	0	0	0	0	0	0	0	0	0	0
	61.7803	0	0	55.1584	0	0	0	0	0	0	0	0	0	0	0	0	0	0	0	0	0	0
	0	39.1876	16.0236	0	0	0	0	0	0	0	0	0	0	0	0	0	0	0	0	0	0	0
	0	0	0	0	0	0	0	0	0	0	0	0	0	0	0	0	0	0	0	0	0	0
	52.2495	0	0	81.0744	0	0	0	0	0	0	0	0	0	0	0	0	0	0	0	0	0	0
	0	0	0	0	0	0	0	0	0	0	0	0	0	0	0	0	0	0	0	0	0	0
	0	0	0	0	0	0	0	0	0	0	0	0	0	0	0	0	0	0	0	0	0	0
	13.7776	0	0	94.9855	0	0	0	0	0	0	0	0	0	0	0	0	0	0	0	0	0	0
	0	0	16.032	0	0	0	0	0	0	0	0	0	0	0	0	0	0	0	0	0	0	0
	0	0	0	0	0	0	0	0	0	0	0	0	0	0	0	0	0	0	0	0	0	0
	5.5	0	0	5.50135	0	0	0	0	0	0	0	0	0	0	0	0	0	0	0	0	0	0
	0	0	0	0	0	0	0	0	0	0	0	0	0	0	0	0	0	0	0	0	0	0
