	0	145.375	0	0	0	0	0	0	0	0	0	0	0	0	39.8241	0	0	0	0	0	0	0
	307.718	0	0	15.7931	0	0	0	0	0	0	0	0	51.2979	0	0	37.4959	0	0	0	0	0	0
	0	0	0	0	0	0	0	0	0	0	0	0	0	0	0	0	0	0	0	0	0	0
	0	825.384	0	0	12	0	0	16	0	0	16	0	0	0	24.4932	0	0	0	0	0	0	0
	226.883	0	0	1586.67	0	0	0	0	0	0	0	0	59.0519	0	0	17.171	0	0	0	0	0	0
	0	0	0	0	0	0	0	0	0	0	0	0	0	0	0	0	0	0	0	0	0	0
	0	79.7795	0	0	183.222	0	0	16	0	0	15.4239	0	0	0	19.6932	0	0	0	0	0	0	0
	59.7108	0	0	601.097	0	0	16.3333	0	0	49.8713	0	0	16	0	0	0	0	0	0	0	0	0
	0	0	0	0	0	0	0	0	0	15.1957	0	0	65.2808	0	0	0	0	0	0	0	0	0
	0	94.0949	0	0	280.427	0	0	15.3929	0	0	15.8333	0	0	0	0	0	0	0	0	0	0	0
	13.8483	0	0	272.371	0	0	139.932	0	0	56.1322	0	0	16	0	0	0	0	0	0	0	0	0
	0	0	0	0	0	0	0	0	0	21.8261	0	0	29.3842	0	0	0	0	0	0	0	0	0
	0	14.7049	0	0	90.6215	0	0	104.926	17.7895	0	80.8999	66.9308	0	0	227.185	0	0	224.237	0	0	215.607	0
	0	0	0	0	0	0	0	0	0	53.7126	0	0	0	0	0	0	0	0	0	0	0	0
	0	0	0	0	0	0	0	0	0	15.2	0	0	42.0177	0	0	17.36	0	0	16.9231	0	0	208.763
	0	0	0	0	0	0	0	0	0	0	0	0	0	0	0	0	0	0	0	0	0	0
	0	0	0	0	0	0	0	0	0	0	0	0	0	0	0	0	0	0	0	0	0	0
	0	0	0	0	0	0	0	0	0	15.5167	0	0	14.7632	0	0	14.84	0	0	14.4844	0	0	181.175
	0	0	0	0	0	0	0	0	0	0	0	15.2667	0	0	15.1735	0	0	14.9538	0	0	82.5863	0
	0	0	0	0	0	0	0	0	0	0	0	0	0	0	0	0	0	0	0	0	0	0
	0	0	0	0	0	0	0	0	0	0	0	0	0	0	0	0	0	0	0	0	0	0
	0	0	0	0	0	0	0	0	0	0	0	0	0	0	0	0	0	0	0	0	0	0
