	0	0	0.0502938	0	0	0	0	0	0	0	0	0	0	0	0	0	0	0	0	0	0	0
	1.42857	0	0	9.99788	0	0	0	0	0	0	0	0	0	0	0	0	0	0	0	0	0	0
	1.14286	0	0	0.048302	0	0	0	0	0	0	0	0	0	0	0	0	0	0	0	0	0	0
	0	0	0	0	0	0	0	0	0	0	0	0	0	0	0	0	0	0	0	0	0	0
	7.5313	0	0	9.99675	0	0	0	0	0	0	0	0	0	0	0	0	0	0	0	0	0	0
	1.14558	0	0	0.048302	0	0	0	0	0	0	0	0	0	0	0	0	0	0	0	0	0	0
	0	1.48148	0.738462	0	0	0	0	0	0	0	0	0	0	0	0	0	0	0	0	0	0	0
	7.50797	0	0	9.99688	0	0	0	0	0	0	0	0	0	0	0	0	0	0	0	0	0	0
	6.25697	0	0	0.0502938	0	0	0	0	0	0	0	0	0	0	0	0	0	0	0	0	0	0
	0	0	2.49245	0	0	0	0	0	0	0	0	0	0	0	0	0	0	0	0	0	0	0
	9.98432	0	0	7.51075	0	0	0	0	0	0	0	0	0	0	0	0	0	0	0	0	0	0
	6.25697	0	0	0.0502932	0	0	0	0	0	0	0	0	0	0	0	0	0	0	0	0	0	0
	0	11.2113	7.51475	0	0	0	0	0	0	0	0	0	0	0	0	0	0	0	0	0	0	0
	0	0	0	0	0	0	0	0	0	0	0	0	0	0	0	0	0	0	0	0	0	0
	17.508	0	0	8.77303	0	0	0	0	0	0	0	0	0	0	0	0	0	0	0	0	0	0
	0	0	0	0	0	0	0	0	0	0	0	0	0	0	0	0	0	0	0	0	0	0
	0	0	0	0	0	0	0	0	0	0	0	0	0	0	0	0	0	0	0	0	0	0
	11.2481	0	0	8.80031	0	0	0	0	0	0	0	0	0	0	0	0	0	0	0	0	0	0
	0	0	1.25191	0	0	0	0	0	0	0	0	0	0	0	0	0	0	0	0	0	0	0
	0	0	0	0	0	0	0	0	0	0	0	0	0	0	0	0	0	0	0	0	0	0
	9.99988	0	0	9.99988	0	0	0	0	0	0	0	0	0	0	0	0	0	0	0	0	0	0
	0	0	0	0	0	0	0	0	0	0	0	0	0	0	0	0	0	0	0	0	0	0
