Tile ID						Power estimation

0						0.0148129
1						0.0133997
2						0.0152108
3						0.0125404
4						0.0065587
5						0
6						0
7						0
8						0.000745326
9						0.00227817
10						0.0029272
11						0.00745987
12						0.0119741
13						0
14						0
15						0
16						0
17						9.72164e-05
18						9.72164e-05
19						0.000745326
20						0.0126591
21						0
22						0
23						0
24						0
25						0
26						0.0182862
27						0.0178226
28						0.0304079
29						0.0142287
30						0.0011666
31						0
32						0.00325594
33						0.00510555
34						0.0176722
35						0.00703046
36						0.0310995
37						0.0127719
38						0.00200914
39						0
40						0.0111968
41						0.0072732
42						0.00452544
43						0
44						0.00984094
45						0.00132861
46						0.00376649
47						0
48						0
49						0
50						0
51						0
52						0.00843497
53						0.00185962
54						0.00637412
55						0
56						0
57						0
58						0
59						0
60						0.00746056
61						0.00745326
62						0.0145257
63						0


Total Netwok Power(In Watt):0.346402