#Simcount		average latency
1		0
2		0
3		0
4		0
5		0
6		0
7		0
8		6
9		5.57143
10		3
11		0
12		8
13		8
14		0
15		0
16		0
17		0
18		10
19		9.85714
20		9
21		10.75
22		8.85714
23		8
24		8
25		11.9286
26		10.2308
27		0
28		8
29		8
30		0
31		9
32		9.42857
33		11.5
34		8.85714
35		11.9286
36		12.4286
37		13.2308
38		11.7692
39		13.25
40		11
41		12
42		11.5
43		0
44		8
45		8.33333
46		8
47		7.83333
48		11.5
49		12.75
50		13.4286
51		12.7895
52		12.7222
53		13.75
54		13.7
55		14.3333
56		13.8
57		15.5294
58		13.3913
59		17.5
60		8.5
61		11.6
62		11.125
63		12.5
64		12.9091
65		14.4545
66		18.375
67		13.4783
68		13
69		16.125
70		15.0833
71		15
72		19.8
73		15.1
74		15.5238
75		20
76		14.8
77		14.8667
78		15
79		14.1111
80		13.6667
81		16.4615
82		16.875
83		14.4286
84		12.7647
85		16
86		17.4286
87		17.25
88		18.2
89		17.2381
90		18.6957
91		21.8333
92		19.2
93		16.9286
94		17.75
95		13.4286
96		14.7778
97		16.1875
98		24.2857
99		15.9565
100		15.6667
101		14.4667
102		19.1429
103		19.2
104		19.25
105		20.8333
106		19.1667
107		19
108		15.2857
109		14.75
110		12.1
111		13
112		11.6667
113		15.4167
114		18.8333
115		14.1429
116		15.75
117		15.6316
118		21.1
119		21.3333
120		19.7778
121		24.25
122		20.8182
123		14.6667
124		16.5
125		18.3571
126		16.375
127		16.3333
128		19.7778
129		17.2
130		22
131		15.4737
132		19.1765
133		15.625
134		19.5556
135		15.5
136		26.75
137		24.3529
138		18.75
139		25.2308
140		19.3333
141		16
142		18.3333
143		15.875
144		19.3333
145		16.65
146		20.2941
147		14.5625
148		18.75
149		26.2353
150		25.3333
151		20.3333
152		16.8
153		21.7826
154		21.5417
155		23.5556
156		11.75
157		14.8421
158		16.8889
159		16.8571
160		14.8
161		15.25
162		29.2
163		15.7895
164		18
165		19.75
166		14
167		17.8571
168		17.8
169		24.4545
170		19.1739
171		22.1429
172		19.2
173		13.8333
174		26.2857
175		17.4286
176		25.2
177		18.6875
178		21
179		14.2105
180		14.6
181		20
182		13
183		18.6
184		15.25
185		24.7619
186		19.7826
187		53.1667
188		29.2
189		14.4286
190		15.75
191		13
192		14.25
193		19
194		30.7619
195		15.85
196		16.7647
197		22.8125
198		27.125
199		18
200		20.2
201		35.3333
202		25.0455
203		23.3333
204		22
205		16.1111
206		18.7143
207		18
208		16
209		18.5
210		24.2778
211		17.6471
212		16.5
213		19.1176
214		26.75
215		44.2
216		17.4
217		29.6316
218		25.1304
219		30.2222
220		19.2857
221		15.3333
222		26.2857
223		25.375
224		21.7692
225		23.0714
226		22.2778
227		17.8889
228		15.9412
229		15.2381
230		37.8
231		13
232		29.1667
233		39.25
234		22.5455
235		14.8333
236		13.75
237		12.3333
238		15.5
239		18.9
240		14.1667
241		22.4615
242		29.1176
243		15.6842
244		18.0714
245		14.3333
246		19.5
247		15.25
248		32.25
249		44.4545
250		36.32
251		29.75
252		34.2222
253		19.5556
254		22.1667
255		21.3
256		22.2857
257		21.0833
258		19.1739
259		26.0455
260		18.0952
261		23.8571
262		45
263		45.2857
264		39.8889
265		44.65
266		28.8947
267		26.4615
268		16.5556
269		18
270		27.5833
271		36.125
272		15
273		17.1176
274		35.4091
275		19.0769
276		24.1538
277		20.2667
278		16.2857
279		36
280		20.9
281		52.1667
282		29
283		18.6923
284		21.8182
285		21.2
286		25.5556
287		50.6667
288		15.3333
289		22.3158
290		24.5294
291		23.5
292		17.6154
293		16.125
294		34.2857
295		18
296		28.5556
297		38.1364
298		40.625
299		24.9091
300		16.7143
301		14.3889
302		19.5714
303		23.3333
304		26.3333
305		28.4444
306		46.6429
307		28.6429
308		31.3077
309		16.6875
310		20.5714
311		21.2857
312		16.5
313		39.2632
314		36.4737
315		29
316		25.8889
317		29.5
318		39.3
319		75.6667
320		60.5
321		29.875
322		30.6316
323		17.8947
324		22.6154
325		18.8824
326		15.6667
327		29.6
328		42.7143
329		39.2
330		47.125
331		38.1
332		19.2727
333		15.7692
334		35
335		27.8333
336		14.6667
337		32.2941
338		30.4737
339		25.2381
340		23.0667
341		29.05
342		37.9231
343		29.25
344		30.625
345		62.0556
346		54.2632
347		32.6364
348		18.375
349		17.4667
350		23.3333
351		20.5
352		37.125
353		26.8824
354		47.8947
355		15.3333
356		39.2667
357		17.2667
358		13.5
359		28.375
360		15.4
361		27.9375
362		32.4762
363		40
364		17.1
365		15.9333
366		16.4286
367		17
368		15.8889
369		29.7273
370		26.75
371		31.4615
372		16.1818
373		18.6667
374		19.8571
375		19.1111
376		17.8
377		55.8333
378		54.375
379		25.125
380		18.2308
381		17.3333
382		18
383		25.5
384		20.6667
385		48
386		27.0526
387		17.8
388		33.4
389		23.1667
390		18.5556
391		21.2857
392		31.75
393		58.1429
394		47.5
395		20.6667
396		21.125
397		22.2
398		21.3333
399		29.3333
400		55
401		32.8462
402		46.5
403		35.5714
404		22
405		21.1111
406		25.5556
407		42.5556
408		64
409		45.0909
410		57.8824
411		48.2727
412		20.5455
413		19.75
414		23.7143
415		20
416		27.4
417		39.25
418		28.5
419		34.3846
420		38.4167
421		19.6154
422		22.375
423		19.8571
424		16.75
425		55.9231
426		61.9412
427		21.9
428		16.2
429		26.0625
430		18.2857
431		19.1667
432		17.1667
433		47.5
434		56.625
435		19.5
436		20.2
437		13.7
438		17
439		22.5
440		25
441		63.1429
442		46.4
443		30.2308
444		19.6
445		19.9
446		15.75
447		17.7143
448		46.5714
449		39.8182
450		28.5714
451		45.3
452		17.125
453		19.3333
454		86.1667
455		20.3333
456		20.6
457		53.9231
458		70.9333
459		21.6667
460		15.3333
461		20.2857
462		21.7143
463		21.8
464		24.4286
465		41.3571
466		74.4667
467		39.6923
468		61.1667
469		38.75
470		143.5
471		92.75
472		130.333
473		51.1875
474		57.4211
475		49.7
476		36.7
477		41.0714
478		53.1111
479		94.25
480		56.375
481		38
482		80.1176
483		45.2308
484		22.6154
485		22.8235
486		20.6667
487		27.25
488		73.5
489		54.6
490		81.4118
491		53.7
492		26.3636
493		24.6154
494		36.125
495		64.8
496		18
497		62.1667
498		53.875
499		41.2308
500		21.25
501		20.3125
502		19.3333
503		33.2222
504		25.8333
505		55.3684
506		119
507		70.8
508		21.75
509		16.6429
510		23
511		13
512		23
513		29.2308
514		52.2353
515		35.4444
516		17.5385
517		42.2
518		65.75
519		16
520		15.4
521		50.4444
522		24.8
523		56.5
524		50
525		19.8
526		25.1111
527		26
528		24.5714
529		55.4
530		60.9375
531		25.2
532		36.3636
533		49.5
534		72.7143
535		28.125
536		55.2857
537		55.9333
538		85.8421
539		38.75
540		18.8
541		22.4583
542		22.5556
543		32
544		20.6667
545		27.375
546		27.3333
547		37
548		48.7273
549		27.1818
550		52.4444
551		44.75
552		25.3333
553		62.5
554		72
555		22.9091
556		35.2
557		19.6471
558		22.2
559		99.5
560		21
561		51
562		66
563		27.9167
564		26.0769
565		18.9333
566		15.1667
567		23.6667
568		22.1667
569		78.1667
570		63.4118
571		34.125
572		38.5556
573		17.6667
574		22.8571
575		75.6
576		60.5714
577		26.0667
578		42.55
579		56.8462
580		21.4545
581		80
582		56.375
583		20.4444
584		20
585		80.4375
586		71.2308
587		26.6154
588		34.5
589		19.9231
590		23.6
591		23.1429
592		69.4286
593		33.6154
594		33.85
595		57.5
596		21
597		14.6923
598		14.25
599		27.8
600		18.75
601		73.6667
602		63.7059
603		33.4286
604		48.8
605		21.0833
606		27
607		21.6667
608		65.7143
609		38.1
610		42.1579
611		37.7143
612		35.7
613		19.7857
614		20.1111
615		24.4286
616		34.1667
617		63.5882
618		52.9375
619		52.7273
620		24.4167
621		20.8182
622		22.2857
623		23.8
624		21
625		58.2667
626		71
627		15.1667
628		18.625
629		16.1429
630		13.5
631		17.6667
632		18.8
633		76.4667
634		54.8824
635		16.9
636		46.2308
637		17.5455
638		17
639		16
640		19.5
641		31.6923
642		57.5294
643		73.2308
644		69.5556
645		15.2
646		20.25
647		21.75
648		17
649		55.0714
650		24.4375
651		34.7778
652		23.0909
653		17.8421
654		20.7778
655		22.5
656		25.8
657		45.1818
658		88
659		15.1429
660		42.375
661		15.1111
662		37.75
663		14.2
664		82.25
665		53.2667
666		70.0714
667		33.8
668		70.5
669		13.1818
670		14.375
671		21.5
672		18.6667
673		64.8182
674		38
675		39.5714
676		19.4286
677		24.1818
678		31.5
679		32.6667
680		48
681		74.2667
682		90.3889
683		65.8333
684		22.1111
685		16.5
686		22
687		23.6667
688		20.6
689		82.4167
690		70.5294
691		29.0667
692		20.875
693		29.8333
694		20.8
695		27.5
696		26.25
697		66.3333
698		109.4
699		25.125
700		18
701		34.1333
702		25.2
703		20.25
704		22
705		83.5
706		82.4667
707		17.4615
708		18.6923
709		15.7
710		21.5714
711		16
712		13
713		83.1875
714		76.3
715		54.75
716		20.25
717		18.0625
718		23.5
719		21
720		22.8
721		48.375
722		47.8125
723		15.5714
724		44.1
725		17.4444
726		16.6667
727		29.5
728		14.8333
729		46.1111
730		73.5
731		130.8
732		63.1
733		31.7857
734		21.2222
735		24
736		20.4286
737		72.2857
738		92.3889
739		16.4615
740		16.8571
741		17.1
742		19.2857
743		53.8
744		24
745		62.4286
746		98.0769
747		69.8
748		19.3636
749		38.6
750		39.625
751		25.25
752		19.8571
753		63.5
754		88
755		18.8889
756		17.7778
757		36.6154
758		22
759		18.6
760		16.6667
761		71.5625
762		66.6667
763		45.8889
764		21
765		51.5
766		44
767		27.5
768		36
769		51.8333
770		107.143
771		18.5455
772		17.2
773		17
774		98.6667
775		15.3333
776		16.75
777		73.0625
778		56.0667
779		90
780		26
781		19.5556
782		46.5
783		28.5
784		28.3333
785		53.3333
786		110.929
787		33.9231
788		22
789		23.6667
790		23.1429
791		19.3333
792		18.3333
793		101.412
794		80.0769
795		66.4
796		139
797		33.8
798		96.3333
799		103.6
800		45.8571
801		107.833
802		56.8667
803		18.6667
804		21.8571
805		22
806		23
807		14.6667
808		0
809		92.0625
810		95.2667
811		83.2
812		51.4286
813		19.125
814		23.3333
815		23
816		105.375
817		69.3333
818		104.692
819		60.25
820		48.125
821		49.2727
822		66
823		79.5
824		150.333
825		105.583
826		75.1538
827		25
828		60.2
829		63
830		81
831		72
832		143.4
833		26.5
834		116.929
835		42.7
836		24.25
837		43.5455
838		23.2
839		16.3333
840		13
841		82.6667
842		88.625
843		163
844		57.7143
845		28.375
846		33.3333
847		28
848		32.4
849		99.8889
850		136.429
851		121.308
852		59.4444
853		87.7778
854		92.25
855		183.5
856		135.667
857		115.562
858		121.6
859		129.571
860		120.429
861		75.1111
862		189.667
863		98.5
864		92
865		83.9091
866		126.4
867		38.2727
868		22.25
869		42.1818
870		26
871		61.6667
872		98
873		64
874		69.5
875		151.5
876		60.7
877		34.6429
878		68.8333
879		34
880		25
881		62.25
882		59.3333
883		86
884		28
885		22.8
886		45.5556
887		14.75
888		16
889		96.9333
890		96.0526
891		103.9
892		25.2222
893		23.0769
894		23.6
895		25.6667
896		34.8
897		67.7
898		98.9286
899		38.3571
900		23.3
901		43.6364
902		21.7143
903		170.8
904		13
905		91.4615
906		69.5385
907		65.125
908		23.2857
909		57.125
910		29.5
911		31.25
912		29.8333
913		92.0833
914		49.6875
915		36.6471
916		23.0833
917		24.3
918		20.8571
919		20
920		24
921		118.643
922		75.75
923		22.7
924		28.1429
925		18.7692
926		25.4
927		14.5
928		112.667
929		130.583
930		83.4375
931		23.4
932		23.3846
933		30.7143
934		25.8571
935		33
936		29.4
937		108.571
938		80.9167
939		96.5
940		86.8889
941		16.7647
942		26.875
943		15.75
944		28
945		87.7692
946		51.9286
947		46.5
948		23.6667
949		26.1111
950		45.7778
951		23
952		198.333
953		97.7692
954		69.7692
955		24.3636
956		26.5714
957		20.3125
958		60.2
959		15
960		26.6667
961		86
962		69.5385
963		21.6923
964		23.5833
965		23.2222
966		20
967		14.5
968		12
969		131.364
970		53.1
971		26.4
972		29.75
973		19.375
974		25.1667
975		152.2
976		24
977		98
978		81.9091
979		44.3636
980		22.25
981		24
982		22.8333
983		49
984		32
985		124.917
986		152.3
987		25.6
988		26
989		44.4444
990		23.1667
991		30.2
992		153.4
993		106.455
994		112.462
995		24.3077
996		23.3333
997		25.3333
998		30.4
999		72.6667
1000		26.3333
