	0	164.755	0	0	12	0	0	16	0	0	0	0	0	0	46.5463	0	0	0	0	0	0	0
	152.359	0	0	13.7907	0	0	0	0	0	16	0	0	130.476	0	0	41.3194	0	0	0	0	0	0
	0	0	0	0	0	0	0	0	0	0	0	0	0	0	0	0	0	0	0	0	0	0
	0	544.097	0	0	791.75	0	0	0	0	0	16	0	0	0	57.0833	0	0	0	0	0	0	0
	147.177	0	0	1135.6	0	0	16	0	0	0	0	0	97.3825	0	0	20.1508	0	0	0	0	0	0
	0	0	0	0	0	0	0	0	0	0	0	0	0	0	0	0	0	0	0	0	0	0
	0	85.1676	0	0	138.333	0	0	16	0	0	15.3877	0	0	0	16.8484	0	0	0	0	0	0	0
	60.5336	0	0	531.883	0	0	15.5	0	0	47.8982	0	0	271.5	0	0	0	0	0	0	0	0	0
	0	0	0	0	0	0	0	0	0	15.0945	0	0	94.0232	0	0	0	0	0	0	0	0	0
	0	61.2258	0	0	310.126	0	0	40.7059	0	0	15	0	0	0	0	0	0	0	0	0	0	0
	22.004	0	0	206.002	0	0	85.9915	0	0	55.8576	0	0	15.4286	0	0	0	0	0	0	0	0	0
	0	0	0	0	0	0	0	0	0	14.9382	0	0	154.126	0	0	0	0	0	0	0	0	0
	0	14.7219	0	0	81.4046	0	0	87.5825	16.3958	0	66.3569	98.7208	0	0	203.35	0	0	108.87	0	0	29.5529	0
	0	0	0	0	0	0	0	0	0	51.922	0	0	0	0	0	0	0	0	0	0	0	0
	0	0	0	0	0	0	0	0	0	15.1294	0	0	232.915	0	0	785.091	0	0	144.434	0	0	24.159
	0	0	0	0	0	0	0	0	0	0	0	0	0	0	0	0	0	0	0	0	0	0
	0	0	0	0	0	0	0	0	0	0	0	0	0	0	0	0	0	0	0	0	0	0
	0	0	0	0	0	0	0	0	0	15.4353	0	0	350.627	0	0	360.094	0	0	81.8816	0	0	57.5574
	0	0	0	0	0	0	0	0	0	0	0	91.2588	0	0	358.664	0	0	251.917	0	0	61.1004	0
	0	0	0	0	0	0	0	0	0	0	0	0	0	0	0	0	0	0	0	0	0	0
	0	0	0	0	0	0	0	0	0	0	0	0	0	0	0	0	0	0	0	0	0	0
	0	0	0	0	0	0	0	0	0	0	0	0	0	0	0	0	0	0	0	0	0	0
