	0	0.211823	0	0	3.33333	0	0	2.5	0	0	0	0	0	0	3.14789	0	0	0	0	0	0	0
	4.3816	0	0	0.21433	0	0	0	0	0	2.5	0	0	3.1447	0	0	13.5814	0	0	0	0	0	0
	0	0	0	0	0	0	0	0	0	0	0	0	0	0	0	0	0	0	0	0	0	0
	0	0.531505	0	0	0.0444444	0	0	0	0	0	2.5	0	0	0	3.13159	0	0	0	0	0	0	0
	3.76595	0	0	0.491538	0	0	0.0443951	0	0	0	0	0	6.2671	0	0	10.3845	0	0	0	0	0	0
	0	0	0	0	0	0	0	0	0	0	0	0	0	0	0	0	0	0	0	0	0	0
	0	2.09909	0	0	0.0480866	0	0	0.0298954	0	0	1.30173	0	0	0	10.3618	0	0	0	0	0	0	0
	11.3085	0	0	2.37344	0	0	0.0344234	0	0	14.7413	0	0	0.0112061	0	0	0	0	0	0	0	0	0
	0	0	0	0	0	0	0	0	0	1.29656	0	0	3.24185	0	0	0	0	0	0	0	0	0
	0	4.27939	0	0	0.552775	0	0	0.0784495	0	0	0.0306937	0	0	0	0	0	0	0	0	0	0	0
	6.97428	0	0	5.93342	0	0	0.488007	0	0	14.7122	0	0	0.0351229	0	0	0	0	0	0	0	0	0
	0	0	0	0	0	0	0	0	0	1.29579	0	0	3.24337	0	0	0	0	0	0	0	0	0
	0	6.95077	0	0	12.7123	0	0	13.1121	0.673527	0	13.4273	1.96069	0	0	10.1332	0	0	8.85052	0	0	6.86804	0
	0	0	0	0	0	0	0	0	0	14.6005	0	0	0	0	0	0	0	0	0	0	0	0
	0	0	0	0	0	0	0	0	0	0.38915	0	0	5.00058	0	0	1.07867	0	0	2.4928	0	0	6.95443
	0	0	0	0	0	0	0	0	0	0	0	0	0	0	0	0	0	0	0	0	0	0
	0	0	0	0	0	0	0	0	0	0	0	0	0	0	0	0	0	0	0	0	0	0
	0	0	0	0	0	0	0	0	0	0.389016	0	0	0.576263	0	0	1.15059	0	0	2.40825	0	0	7.05199
	0	0	0	0	0	0	0	0	0	0	0	0.389016	0	0	0.964351	0	0	2.10361	0	0	4.252	0
	0	0	0	0	0	0	0	0	0	0	0	0	0	0	0	0	0	0	0	0	0	0
	0	0	0	0	0	0	0	0	0	0	0	0	0	0	0	0	0	0	0	0	0	0
	0	0	0	0	0	0	0	0	0	0	0	0	0	0	0	0	0	0	0	0	0	0
