	0.4	0.2	0
	0.4	0.2	3.99466e-05
	0.41	0.2	0
	0.41	0.2	3.99466e-05
	0.42	0.2	0
	0.42	0.2	3.99466e-05
	0.43	0.2	0
	0.43	0.2	3.99466e-05
	0.44	0.2	0
	0.44	0.2	3.99466e-05
	0.45	0.2	0
	0.45	0.2	3.99466e-05
	0.46	0.2	0
	0.46	0.2	3.99466e-05
	0.47	0.2	0
	0.47	0.2	3.99466e-05
	0.48	0.2	0
	0.48	0.2	3.99466e-05
	0.49	0.2	0
	0.49	0.2	3.99466e-05
	0.5	0.2	0
	0.5	0.2	3.99466e-05
	0.51	0.2	0
	0.51	0.2	3.99466e-05
	0.52	0.2	0
	0.52	0.2	3.99466e-05
	0.53	0.2	0
	0.53	0.2	3.99466e-05
	0.54	0.2	0
	0.54	0.2	3.99466e-05
	0.55	0.2	0
	0.55	0.2	3.99466e-05
	0.56	0.2	0
	0.56	0.2	3.99466e-05
	0.57	0.2	0
	0.57	0.2	3.99466e-05
	0.58	0.2	0
	0.58	0.2	3.99466e-05
	0.59	0.2	0
	0.59	0.2	3.99466e-05
	0.6	0.2	0
	0.6	0.2	3.99466e-05

	0.4	0.8	0
	0.4	0.8	3.99466e-05
	0.41	0.8	0
	0.41	0.8	3.99466e-05
	0.42	0.8	0
	0.42	0.8	3.99466e-05
	0.43	0.8	0
	0.43	0.8	3.99466e-05
	0.44	0.8	0
	0.44	0.8	3.99466e-05
	0.45	0.8	0
	0.45	0.8	3.99466e-05
	0.46	0.8	0
	0.46	0.8	3.99466e-05
	0.47	0.8	0
	0.47	0.8	3.99466e-05
	0.48	0.8	0
	0.48	0.8	3.99466e-05
	0.49	0.8	0
	0.49	0.8	3.99466e-05
	0.5	0.8	0
	0.5	0.8	3.99466e-05
	0.51	0.8	0
	0.51	0.8	3.99466e-05
	0.52	0.8	0
	0.52	0.8	3.99466e-05
	0.53	0.8	0
	0.53	0.8	3.99466e-05
	0.54	0.8	0
	0.54	0.8	3.99466e-05
	0.55	0.8	0
	0.55	0.8	3.99466e-05
	0.56	0.8	0
	0.56	0.8	3.99466e-05
	0.57	0.8	0
	0.57	0.8	3.99466e-05
	0.58	0.8	0
	0.58	0.8	3.99466e-05
	0.59	0.8	0
	0.59	0.8	3.99466e-05
	0.6	0.8	0
	0.6	0.8	3.99466e-05


	0.4	2.2	0
	0.4	2.2	0.00651253
	0.41	2.2	0
	0.41	2.2	0.00651253
	0.42	2.2	0
	0.42	2.2	0.00651253
	0.43	2.2	0
	0.43	2.2	0.00651253
	0.44	2.2	0
	0.44	2.2	0.00651253
	0.45	2.2	0
	0.45	2.2	0.00651253
	0.46	2.2	0
	0.46	2.2	0.00651253
	0.47	2.2	0
	0.47	2.2	0.00651253
	0.48	2.2	0
	0.48	2.2	0.00651253
	0.49	2.2	0
	0.49	2.2	0.00651253
	0.5	2.2	0
	0.5	2.2	0.00651253
	0.51	2.2	0
	0.51	2.2	0.00651253
	0.52	2.2	0
	0.52	2.2	0.00651253
	0.53	2.2	0
	0.53	2.2	0.00651253
	0.54	2.2	0
	0.54	2.2	0.00651253
	0.55	2.2	0
	0.55	2.2	0.00651253
	0.56	2.2	0
	0.56	2.2	0.00651253
	0.57	2.2	0
	0.57	2.2	0.00651253
	0.58	2.2	0
	0.58	2.2	0.00651253
	0.59	2.2	0
	0.59	2.2	0.00651253
	0.6	2.2	0
	0.6	2.2	0.00651253

	0.4	2.8	0
	0.4	2.8	0.00651253
	0.41	2.8	0
	0.41	2.8	0.00651253
	0.42	2.8	0
	0.42	2.8	0.00651253
	0.43	2.8	0
	0.43	2.8	0.00651253
	0.44	2.8	0
	0.44	2.8	0.00651253
	0.45	2.8	0
	0.45	2.8	0.00651253
	0.46	2.8	0
	0.46	2.8	0.00651253
	0.47	2.8	0
	0.47	2.8	0.00651253
	0.48	2.8	0
	0.48	2.8	0.00651253
	0.49	2.8	0
	0.49	2.8	0.00651253
	0.5	2.8	0
	0.5	2.8	0.00651253
	0.51	2.8	0
	0.51	2.8	0.00651253
	0.52	2.8	0
	0.52	2.8	0.00651253
	0.53	2.8	0
	0.53	2.8	0.00651253
	0.54	2.8	0
	0.54	2.8	0.00651253
	0.55	2.8	0
	0.55	2.8	0.00651253
	0.56	2.8	0
	0.56	2.8	0.00651253
	0.57	2.8	0
	0.57	2.8	0.00651253
	0.58	2.8	0
	0.58	2.8	0.00651253
	0.59	2.8	0
	0.59	2.8	0.00651253
	0.6	2.8	0
	0.6	2.8	0.00651253


	0.4	4.2	0
	0.4	4.2	0
	0.41	4.2	0
	0.41	4.2	0
	0.42	4.2	0
	0.42	4.2	0
	0.43	4.2	0
	0.43	4.2	0
	0.44	4.2	0
	0.44	4.2	0
	0.45	4.2	0
	0.45	4.2	0
	0.46	4.2	0
	0.46	4.2	0
	0.47	4.2	0
	0.47	4.2	0
	0.48	4.2	0
	0.48	4.2	0
	0.49	4.2	0
	0.49	4.2	0
	0.5	4.2	0
	0.5	4.2	0
	0.51	4.2	0
	0.51	4.2	0
	0.52	4.2	0
	0.52	4.2	0
	0.53	4.2	0
	0.53	4.2	0
	0.54	4.2	0
	0.54	4.2	0
	0.55	4.2	0
	0.55	4.2	0
	0.56	4.2	0
	0.56	4.2	0
	0.57	4.2	0
	0.57	4.2	0
	0.58	4.2	0
	0.58	4.2	0
	0.59	4.2	0
	0.59	4.2	0
	0.6	4.2	0
	0.6	4.2	0

	0.4	4.8	0
	0.4	4.8	0
	0.41	4.8	0
	0.41	4.8	0
	0.42	4.8	0
	0.42	4.8	0
	0.43	4.8	0
	0.43	4.8	0
	0.44	4.8	0
	0.44	4.8	0
	0.45	4.8	0
	0.45	4.8	0
	0.46	4.8	0
	0.46	4.8	0
	0.47	4.8	0
	0.47	4.8	0
	0.48	4.8	0
	0.48	4.8	0
	0.49	4.8	0
	0.49	4.8	0
	0.5	4.8	0
	0.5	4.8	0
	0.51	4.8	0
	0.51	4.8	0
	0.52	4.8	0
	0.52	4.8	0
	0.53	4.8	0
	0.53	4.8	0
	0.54	4.8	0
	0.54	4.8	0
	0.55	4.8	0
	0.55	4.8	0
	0.56	4.8	0
	0.56	4.8	0
	0.57	4.8	0
	0.57	4.8	0
	0.58	4.8	0
	0.58	4.8	0
	0.59	4.8	0
	0.59	4.8	0
	0.6	4.8	0
	0.6	4.8	0


	0.4	6.2	0
	0.4	6.2	0
	0.41	6.2	0
	0.41	6.2	0
	0.42	6.2	0
	0.42	6.2	0
	0.43	6.2	0
	0.43	6.2	0
	0.44	6.2	0
	0.44	6.2	0
	0.45	6.2	0
	0.45	6.2	0
	0.46	6.2	0
	0.46	6.2	0
	0.47	6.2	0
	0.47	6.2	0
	0.48	6.2	0
	0.48	6.2	0
	0.49	6.2	0
	0.49	6.2	0
	0.5	6.2	0
	0.5	6.2	0
	0.51	6.2	0
	0.51	6.2	0
	0.52	6.2	0
	0.52	6.2	0
	0.53	6.2	0
	0.53	6.2	0
	0.54	6.2	0
	0.54	6.2	0
	0.55	6.2	0
	0.55	6.2	0
	0.56	6.2	0
	0.56	6.2	0
	0.57	6.2	0
	0.57	6.2	0
	0.58	6.2	0
	0.58	6.2	0
	0.59	6.2	0
	0.59	6.2	0
	0.6	6.2	0
	0.6	6.2	0

	0.4	6.8	0
	0.4	6.8	0
	0.41	6.8	0
	0.41	6.8	0
	0.42	6.8	0
	0.42	6.8	0
	0.43	6.8	0
	0.43	6.8	0
	0.44	6.8	0
	0.44	6.8	0
	0.45	6.8	0
	0.45	6.8	0
	0.46	6.8	0
	0.46	6.8	0
	0.47	6.8	0
	0.47	6.8	0
	0.48	6.8	0
	0.48	6.8	0
	0.49	6.8	0
	0.49	6.8	0
	0.5	6.8	0
	0.5	6.8	0
	0.51	6.8	0
	0.51	6.8	0
	0.52	6.8	0
	0.52	6.8	0
	0.53	6.8	0
	0.53	6.8	0
	0.54	6.8	0
	0.54	6.8	0
	0.55	6.8	0
	0.55	6.8	0
	0.56	6.8	0
	0.56	6.8	0
	0.57	6.8	0
	0.57	6.8	0
	0.58	6.8	0
	0.58	6.8	0
	0.59	6.8	0
	0.59	6.8	0
	0.6	6.8	0
	0.6	6.8	0


	0.4	8.2	0
	0.4	8.2	0
	0.41	8.2	0
	0.41	8.2	0
	0.42	8.2	0
	0.42	8.2	0
	0.43	8.2	0
	0.43	8.2	0
	0.44	8.2	0
	0.44	8.2	0
	0.45	8.2	0
	0.45	8.2	0
	0.46	8.2	0
	0.46	8.2	0
	0.47	8.2	0
	0.47	8.2	0
	0.48	8.2	0
	0.48	8.2	0
	0.49	8.2	0
	0.49	8.2	0
	0.5	8.2	0
	0.5	8.2	0
	0.51	8.2	0
	0.51	8.2	0
	0.52	8.2	0
	0.52	8.2	0
	0.53	8.2	0
	0.53	8.2	0
	0.54	8.2	0
	0.54	8.2	0
	0.55	8.2	0
	0.55	8.2	0
	0.56	8.2	0
	0.56	8.2	0
	0.57	8.2	0
	0.57	8.2	0
	0.58	8.2	0
	0.58	8.2	0
	0.59	8.2	0
	0.59	8.2	0
	0.6	8.2	0
	0.6	8.2	0

	0.4	8.8	0
	0.4	8.8	0
	0.41	8.8	0
	0.41	8.8	0
	0.42	8.8	0
	0.42	8.8	0
	0.43	8.8	0
	0.43	8.8	0
	0.44	8.8	0
	0.44	8.8	0
	0.45	8.8	0
	0.45	8.8	0
	0.46	8.8	0
	0.46	8.8	0
	0.47	8.8	0
	0.47	8.8	0
	0.48	8.8	0
	0.48	8.8	0
	0.49	8.8	0
	0.49	8.8	0
	0.5	8.8	0
	0.5	8.8	0
	0.51	8.8	0
	0.51	8.8	0
	0.52	8.8	0
	0.52	8.8	0
	0.53	8.8	0
	0.53	8.8	0
	0.54	8.8	0
	0.54	8.8	0
	0.55	8.8	0
	0.55	8.8	0
	0.56	8.8	0
	0.56	8.8	0
	0.57	8.8	0
	0.57	8.8	0
	0.58	8.8	0
	0.58	8.8	0
	0.59	8.8	0
	0.59	8.8	0
	0.6	8.8	0
	0.6	8.8	0


	0.4	10.2	0
	0.4	10.2	0
	0.41	10.2	0
	0.41	10.2	0
	0.42	10.2	0
	0.42	10.2	0
	0.43	10.2	0
	0.43	10.2	0
	0.44	10.2	0
	0.44	10.2	0
	0.45	10.2	0
	0.45	10.2	0
	0.46	10.2	0
	0.46	10.2	0
	0.47	10.2	0
	0.47	10.2	0
	0.48	10.2	0
	0.48	10.2	0
	0.49	10.2	0
	0.49	10.2	0
	0.5	10.2	0
	0.5	10.2	0
	0.51	10.2	0
	0.51	10.2	0
	0.52	10.2	0
	0.52	10.2	0
	0.53	10.2	0
	0.53	10.2	0
	0.54	10.2	0
	0.54	10.2	0
	0.55	10.2	0
	0.55	10.2	0
	0.56	10.2	0
	0.56	10.2	0
	0.57	10.2	0
	0.57	10.2	0
	0.58	10.2	0
	0.58	10.2	0
	0.59	10.2	0
	0.59	10.2	0
	0.6	10.2	0
	0.6	10.2	0

	0.4	10.8	0
	0.4	10.8	0
	0.41	10.8	0
	0.41	10.8	0
	0.42	10.8	0
	0.42	10.8	0
	0.43	10.8	0
	0.43	10.8	0
	0.44	10.8	0
	0.44	10.8	0
	0.45	10.8	0
	0.45	10.8	0
	0.46	10.8	0
	0.46	10.8	0
	0.47	10.8	0
	0.47	10.8	0
	0.48	10.8	0
	0.48	10.8	0
	0.49	10.8	0
	0.49	10.8	0
	0.5	10.8	0
	0.5	10.8	0
	0.51	10.8	0
	0.51	10.8	0
	0.52	10.8	0
	0.52	10.8	0
	0.53	10.8	0
	0.53	10.8	0
	0.54	10.8	0
	0.54	10.8	0
	0.55	10.8	0
	0.55	10.8	0
	0.56	10.8	0
	0.56	10.8	0
	0.57	10.8	0
	0.57	10.8	0
	0.58	10.8	0
	0.58	10.8	0
	0.59	10.8	0
	0.59	10.8	0
	0.6	10.8	0
	0.6	10.8	0


	0.4	12.2	0
	0.4	12.2	0
	0.41	12.2	0
	0.41	12.2	0
	0.42	12.2	0
	0.42	12.2	0
	0.43	12.2	0
	0.43	12.2	0
	0.44	12.2	0
	0.44	12.2	0
	0.45	12.2	0
	0.45	12.2	0
	0.46	12.2	0
	0.46	12.2	0
	0.47	12.2	0
	0.47	12.2	0
	0.48	12.2	0
	0.48	12.2	0
	0.49	12.2	0
	0.49	12.2	0
	0.5	12.2	0
	0.5	12.2	0
	0.51	12.2	0
	0.51	12.2	0
	0.52	12.2	0
	0.52	12.2	0
	0.53	12.2	0
	0.53	12.2	0
	0.54	12.2	0
	0.54	12.2	0
	0.55	12.2	0
	0.55	12.2	0
	0.56	12.2	0
	0.56	12.2	0
	0.57	12.2	0
	0.57	12.2	0
	0.58	12.2	0
	0.58	12.2	0
	0.59	12.2	0
	0.59	12.2	0
	0.6	12.2	0
	0.6	12.2	0

	0.4	12.8	0
	0.4	12.8	0
	0.41	12.8	0
	0.41	12.8	0
	0.42	12.8	0
	0.42	12.8	0
	0.43	12.8	0
	0.43	12.8	0
	0.44	12.8	0
	0.44	12.8	0
	0.45	12.8	0
	0.45	12.8	0
	0.46	12.8	0
	0.46	12.8	0
	0.47	12.8	0
	0.47	12.8	0
	0.48	12.8	0
	0.48	12.8	0
	0.49	12.8	0
	0.49	12.8	0
	0.5	12.8	0
	0.5	12.8	0
	0.51	12.8	0
	0.51	12.8	0
	0.52	12.8	0
	0.52	12.8	0
	0.53	12.8	0
	0.53	12.8	0
	0.54	12.8	0
	0.54	12.8	0
	0.55	12.8	0
	0.55	12.8	0
	0.56	12.8	0
	0.56	12.8	0
	0.57	12.8	0
	0.57	12.8	0
	0.58	12.8	0
	0.58	12.8	0
	0.59	12.8	0
	0.59	12.8	0
	0.6	12.8	0
	0.6	12.8	0


	0.4	14.2	0
	0.4	14.2	0
	0.41	14.2	0
	0.41	14.2	0
	0.42	14.2	0
	0.42	14.2	0
	0.43	14.2	0
	0.43	14.2	0
	0.44	14.2	0
	0.44	14.2	0
	0.45	14.2	0
	0.45	14.2	0
	0.46	14.2	0
	0.46	14.2	0
	0.47	14.2	0
	0.47	14.2	0
	0.48	14.2	0
	0.48	14.2	0
	0.49	14.2	0
	0.49	14.2	0
	0.5	14.2	0
	0.5	14.2	0
	0.51	14.2	0
	0.51	14.2	0
	0.52	14.2	0
	0.52	14.2	0
	0.53	14.2	0
	0.53	14.2	0
	0.54	14.2	0
	0.54	14.2	0
	0.55	14.2	0
	0.55	14.2	0
	0.56	14.2	0
	0.56	14.2	0
	0.57	14.2	0
	0.57	14.2	0
	0.58	14.2	0
	0.58	14.2	0
	0.59	14.2	0
	0.59	14.2	0
	0.6	14.2	0
	0.6	14.2	0

	0.4	14.8	0
	0.4	14.8	0
	0.41	14.8	0
	0.41	14.8	0
	0.42	14.8	0
	0.42	14.8	0
	0.43	14.8	0
	0.43	14.8	0
	0.44	14.8	0
	0.44	14.8	0
	0.45	14.8	0
	0.45	14.8	0
	0.46	14.8	0
	0.46	14.8	0
	0.47	14.8	0
	0.47	14.8	0
	0.48	14.8	0
	0.48	14.8	0
	0.49	14.8	0
	0.49	14.8	0
	0.5	14.8	0
	0.5	14.8	0
	0.51	14.8	0
	0.51	14.8	0
	0.52	14.8	0
	0.52	14.8	0
	0.53	14.8	0
	0.53	14.8	0
	0.54	14.8	0
	0.54	14.8	0
	0.55	14.8	0
	0.55	14.8	0
	0.56	14.8	0
	0.56	14.8	0
	0.57	14.8	0
	0.57	14.8	0
	0.58	14.8	0
	0.58	14.8	0
	0.59	14.8	0
	0.59	14.8	0
	0.6	14.8	0
	0.6	14.8	0


	1.4	0.2	0
	1.4	0.2	0.00515338
	1.41	0.2	0
	1.41	0.2	0.00515338
	1.42	0.2	0
	1.42	0.2	0.00515338
	1.43	0.2	0
	1.43	0.2	0.00515338
	1.44	0.2	0
	1.44	0.2	0.00515338
	1.45	0.2	0
	1.45	0.2	0.00515338
	1.46	0.2	0
	1.46	0.2	0.00515338
	1.47	0.2	0
	1.47	0.2	0.00515338
	1.48	0.2	0
	1.48	0.2	0.00515338
	1.49	0.2	0
	1.49	0.2	0.00515338
	1.5	0.2	0
	1.5	0.2	0.00515338
	1.51	0.2	0
	1.51	0.2	0.00515338
	1.52	0.2	0
	1.52	0.2	0.00515338
	1.53	0.2	0
	1.53	0.2	0.00515338
	1.54	0.2	0
	1.54	0.2	0.00515338
	1.55	0.2	0
	1.55	0.2	0.00515338
	1.56	0.2	0
	1.56	0.2	0.00515338
	1.57	0.2	0
	1.57	0.2	0.00515338
	1.58	0.2	0
	1.58	0.2	0.00515338
	1.59	0.2	0
	1.59	0.2	0.00515338
	1.6	0.2	0
	1.6	0.2	0.00515338

	1.4	0.8	0
	1.4	0.8	0.00515338
	1.41	0.8	0
	1.41	0.8	0.00515338
	1.42	0.8	0
	1.42	0.8	0.00515338
	1.43	0.8	0
	1.43	0.8	0.00515338
	1.44	0.8	0
	1.44	0.8	0.00515338
	1.45	0.8	0
	1.45	0.8	0.00515338
	1.46	0.8	0
	1.46	0.8	0.00515338
	1.47	0.8	0
	1.47	0.8	0.00515338
	1.48	0.8	0
	1.48	0.8	0.00515338
	1.49	0.8	0
	1.49	0.8	0.00515338
	1.5	0.8	0
	1.5	0.8	0.00515338
	1.51	0.8	0
	1.51	0.8	0.00515338
	1.52	0.8	0
	1.52	0.8	0.00515338
	1.53	0.8	0
	1.53	0.8	0.00515338
	1.54	0.8	0
	1.54	0.8	0.00515338
	1.55	0.8	0
	1.55	0.8	0.00515338
	1.56	0.8	0
	1.56	0.8	0.00515338
	1.57	0.8	0
	1.57	0.8	0.00515338
	1.58	0.8	0
	1.58	0.8	0.00515338
	1.59	0.8	0
	1.59	0.8	0.00515338
	1.6	0.8	0
	1.6	0.8	0.00515338


	1.4	2.2	0
	1.4	2.2	0.00651123
	1.41	2.2	0
	1.41	2.2	0.00651123
	1.42	2.2	0
	1.42	2.2	0.00651123
	1.43	2.2	0
	1.43	2.2	0.00651123
	1.44	2.2	0
	1.44	2.2	0.00651123
	1.45	2.2	0
	1.45	2.2	0.00651123
	1.46	2.2	0
	1.46	2.2	0.00651123
	1.47	2.2	0
	1.47	2.2	0.00651123
	1.48	2.2	0
	1.48	2.2	0.00651123
	1.49	2.2	0
	1.49	2.2	0.00651123
	1.5	2.2	0
	1.5	2.2	0.00651123
	1.51	2.2	0
	1.51	2.2	0.00651123
	1.52	2.2	0
	1.52	2.2	0.00651123
	1.53	2.2	0
	1.53	2.2	0.00651123
	1.54	2.2	0
	1.54	2.2	0.00651123
	1.55	2.2	0
	1.55	2.2	0.00651123
	1.56	2.2	0
	1.56	2.2	0.00651123
	1.57	2.2	0
	1.57	2.2	0.00651123
	1.58	2.2	0
	1.58	2.2	0.00651123
	1.59	2.2	0
	1.59	2.2	0.00651123
	1.6	2.2	0
	1.6	2.2	0.00651123

	1.4	2.8	0
	1.4	2.8	0.00651123
	1.41	2.8	0
	1.41	2.8	0.00651123
	1.42	2.8	0
	1.42	2.8	0.00651123
	1.43	2.8	0
	1.43	2.8	0.00651123
	1.44	2.8	0
	1.44	2.8	0.00651123
	1.45	2.8	0
	1.45	2.8	0.00651123
	1.46	2.8	0
	1.46	2.8	0.00651123
	1.47	2.8	0
	1.47	2.8	0.00651123
	1.48	2.8	0
	1.48	2.8	0.00651123
	1.49	2.8	0
	1.49	2.8	0.00651123
	1.5	2.8	0
	1.5	2.8	0.00651123
	1.51	2.8	0
	1.51	2.8	0.00651123
	1.52	2.8	0
	1.52	2.8	0.00651123
	1.53	2.8	0
	1.53	2.8	0.00651123
	1.54	2.8	0
	1.54	2.8	0.00651123
	1.55	2.8	0
	1.55	2.8	0.00651123
	1.56	2.8	0
	1.56	2.8	0.00651123
	1.57	2.8	0
	1.57	2.8	0.00651123
	1.58	2.8	0
	1.58	2.8	0.00651123
	1.59	2.8	0
	1.59	2.8	0.00651123
	1.6	2.8	0
	1.6	2.8	0.00651123


	1.4	4.2	0
	1.4	4.2	0
	1.41	4.2	0
	1.41	4.2	0
	1.42	4.2	0
	1.42	4.2	0
	1.43	4.2	0
	1.43	4.2	0
	1.44	4.2	0
	1.44	4.2	0
	1.45	4.2	0
	1.45	4.2	0
	1.46	4.2	0
	1.46	4.2	0
	1.47	4.2	0
	1.47	4.2	0
	1.48	4.2	0
	1.48	4.2	0
	1.49	4.2	0
	1.49	4.2	0
	1.5	4.2	0
	1.5	4.2	0
	1.51	4.2	0
	1.51	4.2	0
	1.52	4.2	0
	1.52	4.2	0
	1.53	4.2	0
	1.53	4.2	0
	1.54	4.2	0
	1.54	4.2	0
	1.55	4.2	0
	1.55	4.2	0
	1.56	4.2	0
	1.56	4.2	0
	1.57	4.2	0
	1.57	4.2	0
	1.58	4.2	0
	1.58	4.2	0
	1.59	4.2	0
	1.59	4.2	0
	1.6	4.2	0
	1.6	4.2	0

	1.4	4.8	0
	1.4	4.8	0
	1.41	4.8	0
	1.41	4.8	0
	1.42	4.8	0
	1.42	4.8	0
	1.43	4.8	0
	1.43	4.8	0
	1.44	4.8	0
	1.44	4.8	0
	1.45	4.8	0
	1.45	4.8	0
	1.46	4.8	0
	1.46	4.8	0
	1.47	4.8	0
	1.47	4.8	0
	1.48	4.8	0
	1.48	4.8	0
	1.49	4.8	0
	1.49	4.8	0
	1.5	4.8	0
	1.5	4.8	0
	1.51	4.8	0
	1.51	4.8	0
	1.52	4.8	0
	1.52	4.8	0
	1.53	4.8	0
	1.53	4.8	0
	1.54	4.8	0
	1.54	4.8	0
	1.55	4.8	0
	1.55	4.8	0
	1.56	4.8	0
	1.56	4.8	0
	1.57	4.8	0
	1.57	4.8	0
	1.58	4.8	0
	1.58	4.8	0
	1.59	4.8	0
	1.59	4.8	0
	1.6	4.8	0
	1.6	4.8	0


	1.4	6.2	0
	1.4	6.2	0
	1.41	6.2	0
	1.41	6.2	0
	1.42	6.2	0
	1.42	6.2	0
	1.43	6.2	0
	1.43	6.2	0
	1.44	6.2	0
	1.44	6.2	0
	1.45	6.2	0
	1.45	6.2	0
	1.46	6.2	0
	1.46	6.2	0
	1.47	6.2	0
	1.47	6.2	0
	1.48	6.2	0
	1.48	6.2	0
	1.49	6.2	0
	1.49	6.2	0
	1.5	6.2	0
	1.5	6.2	0
	1.51	6.2	0
	1.51	6.2	0
	1.52	6.2	0
	1.52	6.2	0
	1.53	6.2	0
	1.53	6.2	0
	1.54	6.2	0
	1.54	6.2	0
	1.55	6.2	0
	1.55	6.2	0
	1.56	6.2	0
	1.56	6.2	0
	1.57	6.2	0
	1.57	6.2	0
	1.58	6.2	0
	1.58	6.2	0
	1.59	6.2	0
	1.59	6.2	0
	1.6	6.2	0
	1.6	6.2	0

	1.4	6.8	0
	1.4	6.8	0
	1.41	6.8	0
	1.41	6.8	0
	1.42	6.8	0
	1.42	6.8	0
	1.43	6.8	0
	1.43	6.8	0
	1.44	6.8	0
	1.44	6.8	0
	1.45	6.8	0
	1.45	6.8	0
	1.46	6.8	0
	1.46	6.8	0
	1.47	6.8	0
	1.47	6.8	0
	1.48	6.8	0
	1.48	6.8	0
	1.49	6.8	0
	1.49	6.8	0
	1.5	6.8	0
	1.5	6.8	0
	1.51	6.8	0
	1.51	6.8	0
	1.52	6.8	0
	1.52	6.8	0
	1.53	6.8	0
	1.53	6.8	0
	1.54	6.8	0
	1.54	6.8	0
	1.55	6.8	0
	1.55	6.8	0
	1.56	6.8	0
	1.56	6.8	0
	1.57	6.8	0
	1.57	6.8	0
	1.58	6.8	0
	1.58	6.8	0
	1.59	6.8	0
	1.59	6.8	0
	1.6	6.8	0
	1.6	6.8	0


	1.4	8.2	0
	1.4	8.2	0
	1.41	8.2	0
	1.41	8.2	0
	1.42	8.2	0
	1.42	8.2	0
	1.43	8.2	0
	1.43	8.2	0
	1.44	8.2	0
	1.44	8.2	0
	1.45	8.2	0
	1.45	8.2	0
	1.46	8.2	0
	1.46	8.2	0
	1.47	8.2	0
	1.47	8.2	0
	1.48	8.2	0
	1.48	8.2	0
	1.49	8.2	0
	1.49	8.2	0
	1.5	8.2	0
	1.5	8.2	0
	1.51	8.2	0
	1.51	8.2	0
	1.52	8.2	0
	1.52	8.2	0
	1.53	8.2	0
	1.53	8.2	0
	1.54	8.2	0
	1.54	8.2	0
	1.55	8.2	0
	1.55	8.2	0
	1.56	8.2	0
	1.56	8.2	0
	1.57	8.2	0
	1.57	8.2	0
	1.58	8.2	0
	1.58	8.2	0
	1.59	8.2	0
	1.59	8.2	0
	1.6	8.2	0
	1.6	8.2	0

	1.4	8.8	0
	1.4	8.8	0
	1.41	8.8	0
	1.41	8.8	0
	1.42	8.8	0
	1.42	8.8	0
	1.43	8.8	0
	1.43	8.8	0
	1.44	8.8	0
	1.44	8.8	0
	1.45	8.8	0
	1.45	8.8	0
	1.46	8.8	0
	1.46	8.8	0
	1.47	8.8	0
	1.47	8.8	0
	1.48	8.8	0
	1.48	8.8	0
	1.49	8.8	0
	1.49	8.8	0
	1.5	8.8	0
	1.5	8.8	0
	1.51	8.8	0
	1.51	8.8	0
	1.52	8.8	0
	1.52	8.8	0
	1.53	8.8	0
	1.53	8.8	0
	1.54	8.8	0
	1.54	8.8	0
	1.55	8.8	0
	1.55	8.8	0
	1.56	8.8	0
	1.56	8.8	0
	1.57	8.8	0
	1.57	8.8	0
	1.58	8.8	0
	1.58	8.8	0
	1.59	8.8	0
	1.59	8.8	0
	1.6	8.8	0
	1.6	8.8	0


	1.4	10.2	0
	1.4	10.2	0
	1.41	10.2	0
	1.41	10.2	0
	1.42	10.2	0
	1.42	10.2	0
	1.43	10.2	0
	1.43	10.2	0
	1.44	10.2	0
	1.44	10.2	0
	1.45	10.2	0
	1.45	10.2	0
	1.46	10.2	0
	1.46	10.2	0
	1.47	10.2	0
	1.47	10.2	0
	1.48	10.2	0
	1.48	10.2	0
	1.49	10.2	0
	1.49	10.2	0
	1.5	10.2	0
	1.5	10.2	0
	1.51	10.2	0
	1.51	10.2	0
	1.52	10.2	0
	1.52	10.2	0
	1.53	10.2	0
	1.53	10.2	0
	1.54	10.2	0
	1.54	10.2	0
	1.55	10.2	0
	1.55	10.2	0
	1.56	10.2	0
	1.56	10.2	0
	1.57	10.2	0
	1.57	10.2	0
	1.58	10.2	0
	1.58	10.2	0
	1.59	10.2	0
	1.59	10.2	0
	1.6	10.2	0
	1.6	10.2	0

	1.4	10.8	0
	1.4	10.8	0
	1.41	10.8	0
	1.41	10.8	0
	1.42	10.8	0
	1.42	10.8	0
	1.43	10.8	0
	1.43	10.8	0
	1.44	10.8	0
	1.44	10.8	0
	1.45	10.8	0
	1.45	10.8	0
	1.46	10.8	0
	1.46	10.8	0
	1.47	10.8	0
	1.47	10.8	0
	1.48	10.8	0
	1.48	10.8	0
	1.49	10.8	0
	1.49	10.8	0
	1.5	10.8	0
	1.5	10.8	0
	1.51	10.8	0
	1.51	10.8	0
	1.52	10.8	0
	1.52	10.8	0
	1.53	10.8	0
	1.53	10.8	0
	1.54	10.8	0
	1.54	10.8	0
	1.55	10.8	0
	1.55	10.8	0
	1.56	10.8	0
	1.56	10.8	0
	1.57	10.8	0
	1.57	10.8	0
	1.58	10.8	0
	1.58	10.8	0
	1.59	10.8	0
	1.59	10.8	0
	1.6	10.8	0
	1.6	10.8	0


	1.4	12.2	0
	1.4	12.2	0
	1.41	12.2	0
	1.41	12.2	0
	1.42	12.2	0
	1.42	12.2	0
	1.43	12.2	0
	1.43	12.2	0
	1.44	12.2	0
	1.44	12.2	0
	1.45	12.2	0
	1.45	12.2	0
	1.46	12.2	0
	1.46	12.2	0
	1.47	12.2	0
	1.47	12.2	0
	1.48	12.2	0
	1.48	12.2	0
	1.49	12.2	0
	1.49	12.2	0
	1.5	12.2	0
	1.5	12.2	0
	1.51	12.2	0
	1.51	12.2	0
	1.52	12.2	0
	1.52	12.2	0
	1.53	12.2	0
	1.53	12.2	0
	1.54	12.2	0
	1.54	12.2	0
	1.55	12.2	0
	1.55	12.2	0
	1.56	12.2	0
	1.56	12.2	0
	1.57	12.2	0
	1.57	12.2	0
	1.58	12.2	0
	1.58	12.2	0
	1.59	12.2	0
	1.59	12.2	0
	1.6	12.2	0
	1.6	12.2	0

	1.4	12.8	0
	1.4	12.8	0
	1.41	12.8	0
	1.41	12.8	0
	1.42	12.8	0
	1.42	12.8	0
	1.43	12.8	0
	1.43	12.8	0
	1.44	12.8	0
	1.44	12.8	0
	1.45	12.8	0
	1.45	12.8	0
	1.46	12.8	0
	1.46	12.8	0
	1.47	12.8	0
	1.47	12.8	0
	1.48	12.8	0
	1.48	12.8	0
	1.49	12.8	0
	1.49	12.8	0
	1.5	12.8	0
	1.5	12.8	0
	1.51	12.8	0
	1.51	12.8	0
	1.52	12.8	0
	1.52	12.8	0
	1.53	12.8	0
	1.53	12.8	0
	1.54	12.8	0
	1.54	12.8	0
	1.55	12.8	0
	1.55	12.8	0
	1.56	12.8	0
	1.56	12.8	0
	1.57	12.8	0
	1.57	12.8	0
	1.58	12.8	0
	1.58	12.8	0
	1.59	12.8	0
	1.59	12.8	0
	1.6	12.8	0
	1.6	12.8	0


	1.4	14.2	0
	1.4	14.2	0
	1.41	14.2	0
	1.41	14.2	0
	1.42	14.2	0
	1.42	14.2	0
	1.43	14.2	0
	1.43	14.2	0
	1.44	14.2	0
	1.44	14.2	0
	1.45	14.2	0
	1.45	14.2	0
	1.46	14.2	0
	1.46	14.2	0
	1.47	14.2	0
	1.47	14.2	0
	1.48	14.2	0
	1.48	14.2	0
	1.49	14.2	0
	1.49	14.2	0
	1.5	14.2	0
	1.5	14.2	0
	1.51	14.2	0
	1.51	14.2	0
	1.52	14.2	0
	1.52	14.2	0
	1.53	14.2	0
	1.53	14.2	0
	1.54	14.2	0
	1.54	14.2	0
	1.55	14.2	0
	1.55	14.2	0
	1.56	14.2	0
	1.56	14.2	0
	1.57	14.2	0
	1.57	14.2	0
	1.58	14.2	0
	1.58	14.2	0
	1.59	14.2	0
	1.59	14.2	0
	1.6	14.2	0
	1.6	14.2	0

	1.4	14.8	0
	1.4	14.8	0
	1.41	14.8	0
	1.41	14.8	0
	1.42	14.8	0
	1.42	14.8	0
	1.43	14.8	0
	1.43	14.8	0
	1.44	14.8	0
	1.44	14.8	0
	1.45	14.8	0
	1.45	14.8	0
	1.46	14.8	0
	1.46	14.8	0
	1.47	14.8	0
	1.47	14.8	0
	1.48	14.8	0
	1.48	14.8	0
	1.49	14.8	0
	1.49	14.8	0
	1.5	14.8	0
	1.5	14.8	0
	1.51	14.8	0
	1.51	14.8	0
	1.52	14.8	0
	1.52	14.8	0
	1.53	14.8	0
	1.53	14.8	0
	1.54	14.8	0
	1.54	14.8	0
	1.55	14.8	0
	1.55	14.8	0
	1.56	14.8	0
	1.56	14.8	0
	1.57	14.8	0
	1.57	14.8	0
	1.58	14.8	0
	1.58	14.8	0
	1.59	14.8	0
	1.59	14.8	0
	1.6	14.8	0
	1.6	14.8	0


	2.4	0.2	0
	2.4	0.2	0.00909628
	2.41	0.2	0
	2.41	0.2	0.00909628
	2.42	0.2	0
	2.42	0.2	0.00909628
	2.43	0.2	0
	2.43	0.2	0.00909628
	2.44	0.2	0
	2.44	0.2	0.00909628
	2.45	0.2	0
	2.45	0.2	0.00909628
	2.46	0.2	0
	2.46	0.2	0.00909628
	2.47	0.2	0
	2.47	0.2	0.00909628
	2.48	0.2	0
	2.48	0.2	0.00909628
	2.49	0.2	0
	2.49	0.2	0.00909628
	2.5	0.2	0
	2.5	0.2	0.00909628
	2.51	0.2	0
	2.51	0.2	0.00909628
	2.52	0.2	0
	2.52	0.2	0.00909628
	2.53	0.2	0
	2.53	0.2	0.00909628
	2.54	0.2	0
	2.54	0.2	0.00909628
	2.55	0.2	0
	2.55	0.2	0.00909628
	2.56	0.2	0
	2.56	0.2	0.00909628
	2.57	0.2	0
	2.57	0.2	0.00909628
	2.58	0.2	0
	2.58	0.2	0.00909628
	2.59	0.2	0
	2.59	0.2	0.00909628
	2.6	0.2	0
	2.6	0.2	0.00909628

	2.4	0.8	0
	2.4	0.8	0.00909628
	2.41	0.8	0
	2.41	0.8	0.00909628
	2.42	0.8	0
	2.42	0.8	0.00909628
	2.43	0.8	0
	2.43	0.8	0.00909628
	2.44	0.8	0
	2.44	0.8	0.00909628
	2.45	0.8	0
	2.45	0.8	0.00909628
	2.46	0.8	0
	2.46	0.8	0.00909628
	2.47	0.8	0
	2.47	0.8	0.00909628
	2.48	0.8	0
	2.48	0.8	0.00909628
	2.49	0.8	0
	2.49	0.8	0.00909628
	2.5	0.8	0
	2.5	0.8	0.00909628
	2.51	0.8	0
	2.51	0.8	0.00909628
	2.52	0.8	0
	2.52	0.8	0.00909628
	2.53	0.8	0
	2.53	0.8	0.00909628
	2.54	0.8	0
	2.54	0.8	0.00909628
	2.55	0.8	0
	2.55	0.8	0.00909628
	2.56	0.8	0
	2.56	0.8	0.00909628
	2.57	0.8	0
	2.57	0.8	0.00909628
	2.58	0.8	0
	2.58	0.8	0.00909628
	2.59	0.8	0
	2.59	0.8	0.00909628
	2.6	0.8	0
	2.6	0.8	0.00909628


	2.4	2.2	0
	2.4	2.2	0.00651317
	2.41	2.2	0
	2.41	2.2	0.00651317
	2.42	2.2	0
	2.42	2.2	0.00651317
	2.43	2.2	0
	2.43	2.2	0.00651317
	2.44	2.2	0
	2.44	2.2	0.00651317
	2.45	2.2	0
	2.45	2.2	0.00651317
	2.46	2.2	0
	2.46	2.2	0.00651317
	2.47	2.2	0
	2.47	2.2	0.00651317
	2.48	2.2	0
	2.48	2.2	0.00651317
	2.49	2.2	0
	2.49	2.2	0.00651317
	2.5	2.2	0
	2.5	2.2	0.00651317
	2.51	2.2	0
	2.51	2.2	0.00651317
	2.52	2.2	0
	2.52	2.2	0.00651317
	2.53	2.2	0
	2.53	2.2	0.00651317
	2.54	2.2	0
	2.54	2.2	0.00651317
	2.55	2.2	0
	2.55	2.2	0.00651317
	2.56	2.2	0
	2.56	2.2	0.00651317
	2.57	2.2	0
	2.57	2.2	0.00651317
	2.58	2.2	0
	2.58	2.2	0.00651317
	2.59	2.2	0
	2.59	2.2	0.00651317
	2.6	2.2	0
	2.6	2.2	0.00651317

	2.4	2.8	0
	2.4	2.8	0.00651317
	2.41	2.8	0
	2.41	2.8	0.00651317
	2.42	2.8	0
	2.42	2.8	0.00651317
	2.43	2.8	0
	2.43	2.8	0.00651317
	2.44	2.8	0
	2.44	2.8	0.00651317
	2.45	2.8	0
	2.45	2.8	0.00651317
	2.46	2.8	0
	2.46	2.8	0.00651317
	2.47	2.8	0
	2.47	2.8	0.00651317
	2.48	2.8	0
	2.48	2.8	0.00651317
	2.49	2.8	0
	2.49	2.8	0.00651317
	2.5	2.8	0
	2.5	2.8	0.00651317
	2.51	2.8	0
	2.51	2.8	0.00651317
	2.52	2.8	0
	2.52	2.8	0.00651317
	2.53	2.8	0
	2.53	2.8	0.00651317
	2.54	2.8	0
	2.54	2.8	0.00651317
	2.55	2.8	0
	2.55	2.8	0.00651317
	2.56	2.8	0
	2.56	2.8	0.00651317
	2.57	2.8	0
	2.57	2.8	0.00651317
	2.58	2.8	0
	2.58	2.8	0.00651317
	2.59	2.8	0
	2.59	2.8	0.00651317
	2.6	2.8	0
	2.6	2.8	0.00651317


	2.4	4.2	0
	2.4	4.2	0
	2.41	4.2	0
	2.41	4.2	0
	2.42	4.2	0
	2.42	4.2	0
	2.43	4.2	0
	2.43	4.2	0
	2.44	4.2	0
	2.44	4.2	0
	2.45	4.2	0
	2.45	4.2	0
	2.46	4.2	0
	2.46	4.2	0
	2.47	4.2	0
	2.47	4.2	0
	2.48	4.2	0
	2.48	4.2	0
	2.49	4.2	0
	2.49	4.2	0
	2.5	4.2	0
	2.5	4.2	0
	2.51	4.2	0
	2.51	4.2	0
	2.52	4.2	0
	2.52	4.2	0
	2.53	4.2	0
	2.53	4.2	0
	2.54	4.2	0
	2.54	4.2	0
	2.55	4.2	0
	2.55	4.2	0
	2.56	4.2	0
	2.56	4.2	0
	2.57	4.2	0
	2.57	4.2	0
	2.58	4.2	0
	2.58	4.2	0
	2.59	4.2	0
	2.59	4.2	0
	2.6	4.2	0
	2.6	4.2	0

	2.4	4.8	0
	2.4	4.8	0
	2.41	4.8	0
	2.41	4.8	0
	2.42	4.8	0
	2.42	4.8	0
	2.43	4.8	0
	2.43	4.8	0
	2.44	4.8	0
	2.44	4.8	0
	2.45	4.8	0
	2.45	4.8	0
	2.46	4.8	0
	2.46	4.8	0
	2.47	4.8	0
	2.47	4.8	0
	2.48	4.8	0
	2.48	4.8	0
	2.49	4.8	0
	2.49	4.8	0
	2.5	4.8	0
	2.5	4.8	0
	2.51	4.8	0
	2.51	4.8	0
	2.52	4.8	0
	2.52	4.8	0
	2.53	4.8	0
	2.53	4.8	0
	2.54	4.8	0
	2.54	4.8	0
	2.55	4.8	0
	2.55	4.8	0
	2.56	4.8	0
	2.56	4.8	0
	2.57	4.8	0
	2.57	4.8	0
	2.58	4.8	0
	2.58	4.8	0
	2.59	4.8	0
	2.59	4.8	0
	2.6	4.8	0
	2.6	4.8	0


	2.4	6.2	0
	2.4	6.2	0
	2.41	6.2	0
	2.41	6.2	0
	2.42	6.2	0
	2.42	6.2	0
	2.43	6.2	0
	2.43	6.2	0
	2.44	6.2	0
	2.44	6.2	0
	2.45	6.2	0
	2.45	6.2	0
	2.46	6.2	0
	2.46	6.2	0
	2.47	6.2	0
	2.47	6.2	0
	2.48	6.2	0
	2.48	6.2	0
	2.49	6.2	0
	2.49	6.2	0
	2.5	6.2	0
	2.5	6.2	0
	2.51	6.2	0
	2.51	6.2	0
	2.52	6.2	0
	2.52	6.2	0
	2.53	6.2	0
	2.53	6.2	0
	2.54	6.2	0
	2.54	6.2	0
	2.55	6.2	0
	2.55	6.2	0
	2.56	6.2	0
	2.56	6.2	0
	2.57	6.2	0
	2.57	6.2	0
	2.58	6.2	0
	2.58	6.2	0
	2.59	6.2	0
	2.59	6.2	0
	2.6	6.2	0
	2.6	6.2	0

	2.4	6.8	0
	2.4	6.8	0
	2.41	6.8	0
	2.41	6.8	0
	2.42	6.8	0
	2.42	6.8	0
	2.43	6.8	0
	2.43	6.8	0
	2.44	6.8	0
	2.44	6.8	0
	2.45	6.8	0
	2.45	6.8	0
	2.46	6.8	0
	2.46	6.8	0
	2.47	6.8	0
	2.47	6.8	0
	2.48	6.8	0
	2.48	6.8	0
	2.49	6.8	0
	2.49	6.8	0
	2.5	6.8	0
	2.5	6.8	0
	2.51	6.8	0
	2.51	6.8	0
	2.52	6.8	0
	2.52	6.8	0
	2.53	6.8	0
	2.53	6.8	0
	2.54	6.8	0
	2.54	6.8	0
	2.55	6.8	0
	2.55	6.8	0
	2.56	6.8	0
	2.56	6.8	0
	2.57	6.8	0
	2.57	6.8	0
	2.58	6.8	0
	2.58	6.8	0
	2.59	6.8	0
	2.59	6.8	0
	2.6	6.8	0
	2.6	6.8	0


	2.4	8.2	0
	2.4	8.2	0
	2.41	8.2	0
	2.41	8.2	0
	2.42	8.2	0
	2.42	8.2	0
	2.43	8.2	0
	2.43	8.2	0
	2.44	8.2	0
	2.44	8.2	0
	2.45	8.2	0
	2.45	8.2	0
	2.46	8.2	0
	2.46	8.2	0
	2.47	8.2	0
	2.47	8.2	0
	2.48	8.2	0
	2.48	8.2	0
	2.49	8.2	0
	2.49	8.2	0
	2.5	8.2	0
	2.5	8.2	0
	2.51	8.2	0
	2.51	8.2	0
	2.52	8.2	0
	2.52	8.2	0
	2.53	8.2	0
	2.53	8.2	0
	2.54	8.2	0
	2.54	8.2	0
	2.55	8.2	0
	2.55	8.2	0
	2.56	8.2	0
	2.56	8.2	0
	2.57	8.2	0
	2.57	8.2	0
	2.58	8.2	0
	2.58	8.2	0
	2.59	8.2	0
	2.59	8.2	0
	2.6	8.2	0
	2.6	8.2	0

	2.4	8.8	0
	2.4	8.8	0
	2.41	8.8	0
	2.41	8.8	0
	2.42	8.8	0
	2.42	8.8	0
	2.43	8.8	0
	2.43	8.8	0
	2.44	8.8	0
	2.44	8.8	0
	2.45	8.8	0
	2.45	8.8	0
	2.46	8.8	0
	2.46	8.8	0
	2.47	8.8	0
	2.47	8.8	0
	2.48	8.8	0
	2.48	8.8	0
	2.49	8.8	0
	2.49	8.8	0
	2.5	8.8	0
	2.5	8.8	0
	2.51	8.8	0
	2.51	8.8	0
	2.52	8.8	0
	2.52	8.8	0
	2.53	8.8	0
	2.53	8.8	0
	2.54	8.8	0
	2.54	8.8	0
	2.55	8.8	0
	2.55	8.8	0
	2.56	8.8	0
	2.56	8.8	0
	2.57	8.8	0
	2.57	8.8	0
	2.58	8.8	0
	2.58	8.8	0
	2.59	8.8	0
	2.59	8.8	0
	2.6	8.8	0
	2.6	8.8	0


	2.4	10.2	0
	2.4	10.2	0
	2.41	10.2	0
	2.41	10.2	0
	2.42	10.2	0
	2.42	10.2	0
	2.43	10.2	0
	2.43	10.2	0
	2.44	10.2	0
	2.44	10.2	0
	2.45	10.2	0
	2.45	10.2	0
	2.46	10.2	0
	2.46	10.2	0
	2.47	10.2	0
	2.47	10.2	0
	2.48	10.2	0
	2.48	10.2	0
	2.49	10.2	0
	2.49	10.2	0
	2.5	10.2	0
	2.5	10.2	0
	2.51	10.2	0
	2.51	10.2	0
	2.52	10.2	0
	2.52	10.2	0
	2.53	10.2	0
	2.53	10.2	0
	2.54	10.2	0
	2.54	10.2	0
	2.55	10.2	0
	2.55	10.2	0
	2.56	10.2	0
	2.56	10.2	0
	2.57	10.2	0
	2.57	10.2	0
	2.58	10.2	0
	2.58	10.2	0
	2.59	10.2	0
	2.59	10.2	0
	2.6	10.2	0
	2.6	10.2	0

	2.4	10.8	0
	2.4	10.8	0
	2.41	10.8	0
	2.41	10.8	0
	2.42	10.8	0
	2.42	10.8	0
	2.43	10.8	0
	2.43	10.8	0
	2.44	10.8	0
	2.44	10.8	0
	2.45	10.8	0
	2.45	10.8	0
	2.46	10.8	0
	2.46	10.8	0
	2.47	10.8	0
	2.47	10.8	0
	2.48	10.8	0
	2.48	10.8	0
	2.49	10.8	0
	2.49	10.8	0
	2.5	10.8	0
	2.5	10.8	0
	2.51	10.8	0
	2.51	10.8	0
	2.52	10.8	0
	2.52	10.8	0
	2.53	10.8	0
	2.53	10.8	0
	2.54	10.8	0
	2.54	10.8	0
	2.55	10.8	0
	2.55	10.8	0
	2.56	10.8	0
	2.56	10.8	0
	2.57	10.8	0
	2.57	10.8	0
	2.58	10.8	0
	2.58	10.8	0
	2.59	10.8	0
	2.59	10.8	0
	2.6	10.8	0
	2.6	10.8	0


	2.4	12.2	0
	2.4	12.2	0
	2.41	12.2	0
	2.41	12.2	0
	2.42	12.2	0
	2.42	12.2	0
	2.43	12.2	0
	2.43	12.2	0
	2.44	12.2	0
	2.44	12.2	0
	2.45	12.2	0
	2.45	12.2	0
	2.46	12.2	0
	2.46	12.2	0
	2.47	12.2	0
	2.47	12.2	0
	2.48	12.2	0
	2.48	12.2	0
	2.49	12.2	0
	2.49	12.2	0
	2.5	12.2	0
	2.5	12.2	0
	2.51	12.2	0
	2.51	12.2	0
	2.52	12.2	0
	2.52	12.2	0
	2.53	12.2	0
	2.53	12.2	0
	2.54	12.2	0
	2.54	12.2	0
	2.55	12.2	0
	2.55	12.2	0
	2.56	12.2	0
	2.56	12.2	0
	2.57	12.2	0
	2.57	12.2	0
	2.58	12.2	0
	2.58	12.2	0
	2.59	12.2	0
	2.59	12.2	0
	2.6	12.2	0
	2.6	12.2	0

	2.4	12.8	0
	2.4	12.8	0
	2.41	12.8	0
	2.41	12.8	0
	2.42	12.8	0
	2.42	12.8	0
	2.43	12.8	0
	2.43	12.8	0
	2.44	12.8	0
	2.44	12.8	0
	2.45	12.8	0
	2.45	12.8	0
	2.46	12.8	0
	2.46	12.8	0
	2.47	12.8	0
	2.47	12.8	0
	2.48	12.8	0
	2.48	12.8	0
	2.49	12.8	0
	2.49	12.8	0
	2.5	12.8	0
	2.5	12.8	0
	2.51	12.8	0
	2.51	12.8	0
	2.52	12.8	0
	2.52	12.8	0
	2.53	12.8	0
	2.53	12.8	0
	2.54	12.8	0
	2.54	12.8	0
	2.55	12.8	0
	2.55	12.8	0
	2.56	12.8	0
	2.56	12.8	0
	2.57	12.8	0
	2.57	12.8	0
	2.58	12.8	0
	2.58	12.8	0
	2.59	12.8	0
	2.59	12.8	0
	2.6	12.8	0
	2.6	12.8	0


	2.4	14.2	0
	2.4	14.2	0
	2.41	14.2	0
	2.41	14.2	0
	2.42	14.2	0
	2.42	14.2	0
	2.43	14.2	0
	2.43	14.2	0
	2.44	14.2	0
	2.44	14.2	0
	2.45	14.2	0
	2.45	14.2	0
	2.46	14.2	0
	2.46	14.2	0
	2.47	14.2	0
	2.47	14.2	0
	2.48	14.2	0
	2.48	14.2	0
	2.49	14.2	0
	2.49	14.2	0
	2.5	14.2	0
	2.5	14.2	0
	2.51	14.2	0
	2.51	14.2	0
	2.52	14.2	0
	2.52	14.2	0
	2.53	14.2	0
	2.53	14.2	0
	2.54	14.2	0
	2.54	14.2	0
	2.55	14.2	0
	2.55	14.2	0
	2.56	14.2	0
	2.56	14.2	0
	2.57	14.2	0
	2.57	14.2	0
	2.58	14.2	0
	2.58	14.2	0
	2.59	14.2	0
	2.59	14.2	0
	2.6	14.2	0
	2.6	14.2	0

	2.4	14.8	0
	2.4	14.8	0
	2.41	14.8	0
	2.41	14.8	0
	2.42	14.8	0
	2.42	14.8	0
	2.43	14.8	0
	2.43	14.8	0
	2.44	14.8	0
	2.44	14.8	0
	2.45	14.8	0
	2.45	14.8	0
	2.46	14.8	0
	2.46	14.8	0
	2.47	14.8	0
	2.47	14.8	0
	2.48	14.8	0
	2.48	14.8	0
	2.49	14.8	0
	2.49	14.8	0
	2.5	14.8	0
	2.5	14.8	0
	2.51	14.8	0
	2.51	14.8	0
	2.52	14.8	0
	2.52	14.8	0
	2.53	14.8	0
	2.53	14.8	0
	2.54	14.8	0
	2.54	14.8	0
	2.55	14.8	0
	2.55	14.8	0
	2.56	14.8	0
	2.56	14.8	0
	2.57	14.8	0
	2.57	14.8	0
	2.58	14.8	0
	2.58	14.8	0
	2.59	14.8	0
	2.59	14.8	0
	2.6	14.8	0
	2.6	14.8	0


	3.4	0.2	0
	3.4	0.2	0.0107651
	3.41	0.2	0
	3.41	0.2	0.0107651
	3.42	0.2	0
	3.42	0.2	0.0107651
	3.43	0.2	0
	3.43	0.2	0.0107651
	3.44	0.2	0
	3.44	0.2	0.0107651
	3.45	0.2	0
	3.45	0.2	0.0107651
	3.46	0.2	0
	3.46	0.2	0.0107651
	3.47	0.2	0
	3.47	0.2	0.0107651
	3.48	0.2	0
	3.48	0.2	0.0107651
	3.49	0.2	0
	3.49	0.2	0.0107651
	3.5	0.2	0
	3.5	0.2	0.0107651
	3.51	0.2	0
	3.51	0.2	0.0107651
	3.52	0.2	0
	3.52	0.2	0.0107651
	3.53	0.2	0
	3.53	0.2	0.0107651
	3.54	0.2	0
	3.54	0.2	0.0107651
	3.55	0.2	0
	3.55	0.2	0.0107651
	3.56	0.2	0
	3.56	0.2	0.0107651
	3.57	0.2	0
	3.57	0.2	0.0107651
	3.58	0.2	0
	3.58	0.2	0.0107651
	3.59	0.2	0
	3.59	0.2	0.0107651
	3.6	0.2	0
	3.6	0.2	0.0107651

	3.4	0.8	0
	3.4	0.8	0.0107651
	3.41	0.8	0
	3.41	0.8	0.0107651
	3.42	0.8	0
	3.42	0.8	0.0107651
	3.43	0.8	0
	3.43	0.8	0.0107651
	3.44	0.8	0
	3.44	0.8	0.0107651
	3.45	0.8	0
	3.45	0.8	0.0107651
	3.46	0.8	0
	3.46	0.8	0.0107651
	3.47	0.8	0
	3.47	0.8	0.0107651
	3.48	0.8	0
	3.48	0.8	0.0107651
	3.49	0.8	0
	3.49	0.8	0.0107651
	3.5	0.8	0
	3.5	0.8	0.0107651
	3.51	0.8	0
	3.51	0.8	0.0107651
	3.52	0.8	0
	3.52	0.8	0.0107651
	3.53	0.8	0
	3.53	0.8	0.0107651
	3.54	0.8	0
	3.54	0.8	0.0107651
	3.55	0.8	0
	3.55	0.8	0.0107651
	3.56	0.8	0
	3.56	0.8	0.0107651
	3.57	0.8	0
	3.57	0.8	0.0107651
	3.58	0.8	0
	3.58	0.8	0.0107651
	3.59	0.8	0
	3.59	0.8	0.0107651
	3.6	0.8	0
	3.6	0.8	0.0107651


	3.4	2.2	0
	3.4	2.2	0.00651253
	3.41	2.2	0
	3.41	2.2	0.00651253
	3.42	2.2	0
	3.42	2.2	0.00651253
	3.43	2.2	0
	3.43	2.2	0.00651253
	3.44	2.2	0
	3.44	2.2	0.00651253
	3.45	2.2	0
	3.45	2.2	0.00651253
	3.46	2.2	0
	3.46	2.2	0.00651253
	3.47	2.2	0
	3.47	2.2	0.00651253
	3.48	2.2	0
	3.48	2.2	0.00651253
	3.49	2.2	0
	3.49	2.2	0.00651253
	3.5	2.2	0
	3.5	2.2	0.00651253
	3.51	2.2	0
	3.51	2.2	0.00651253
	3.52	2.2	0
	3.52	2.2	0.00651253
	3.53	2.2	0
	3.53	2.2	0.00651253
	3.54	2.2	0
	3.54	2.2	0.00651253
	3.55	2.2	0
	3.55	2.2	0.00651253
	3.56	2.2	0
	3.56	2.2	0.00651253
	3.57	2.2	0
	3.57	2.2	0.00651253
	3.58	2.2	0
	3.58	2.2	0.00651253
	3.59	2.2	0
	3.59	2.2	0.00651253
	3.6	2.2	0
	3.6	2.2	0.00651253

	3.4	2.8	0
	3.4	2.8	0.00651253
	3.41	2.8	0
	3.41	2.8	0.00651253
	3.42	2.8	0
	3.42	2.8	0.00651253
	3.43	2.8	0
	3.43	2.8	0.00651253
	3.44	2.8	0
	3.44	2.8	0.00651253
	3.45	2.8	0
	3.45	2.8	0.00651253
	3.46	2.8	0
	3.46	2.8	0.00651253
	3.47	2.8	0
	3.47	2.8	0.00651253
	3.48	2.8	0
	3.48	2.8	0.00651253
	3.49	2.8	0
	3.49	2.8	0.00651253
	3.5	2.8	0
	3.5	2.8	0.00651253
	3.51	2.8	0
	3.51	2.8	0.00651253
	3.52	2.8	0
	3.52	2.8	0.00651253
	3.53	2.8	0
	3.53	2.8	0.00651253
	3.54	2.8	0
	3.54	2.8	0.00651253
	3.55	2.8	0
	3.55	2.8	0.00651253
	3.56	2.8	0
	3.56	2.8	0.00651253
	3.57	2.8	0
	3.57	2.8	0.00651253
	3.58	2.8	0
	3.58	2.8	0.00651253
	3.59	2.8	0
	3.59	2.8	0.00651253
	3.6	2.8	0
	3.6	2.8	0.00651253


	3.4	4.2	0
	3.4	4.2	0
	3.41	4.2	0
	3.41	4.2	0
	3.42	4.2	0
	3.42	4.2	0
	3.43	4.2	0
	3.43	4.2	0
	3.44	4.2	0
	3.44	4.2	0
	3.45	4.2	0
	3.45	4.2	0
	3.46	4.2	0
	3.46	4.2	0
	3.47	4.2	0
	3.47	4.2	0
	3.48	4.2	0
	3.48	4.2	0
	3.49	4.2	0
	3.49	4.2	0
	3.5	4.2	0
	3.5	4.2	0
	3.51	4.2	0
	3.51	4.2	0
	3.52	4.2	0
	3.52	4.2	0
	3.53	4.2	0
	3.53	4.2	0
	3.54	4.2	0
	3.54	4.2	0
	3.55	4.2	0
	3.55	4.2	0
	3.56	4.2	0
	3.56	4.2	0
	3.57	4.2	0
	3.57	4.2	0
	3.58	4.2	0
	3.58	4.2	0
	3.59	4.2	0
	3.59	4.2	0
	3.6	4.2	0
	3.6	4.2	0

	3.4	4.8	0
	3.4	4.8	0
	3.41	4.8	0
	3.41	4.8	0
	3.42	4.8	0
	3.42	4.8	0
	3.43	4.8	0
	3.43	4.8	0
	3.44	4.8	0
	3.44	4.8	0
	3.45	4.8	0
	3.45	4.8	0
	3.46	4.8	0
	3.46	4.8	0
	3.47	4.8	0
	3.47	4.8	0
	3.48	4.8	0
	3.48	4.8	0
	3.49	4.8	0
	3.49	4.8	0
	3.5	4.8	0
	3.5	4.8	0
	3.51	4.8	0
	3.51	4.8	0
	3.52	4.8	0
	3.52	4.8	0
	3.53	4.8	0
	3.53	4.8	0
	3.54	4.8	0
	3.54	4.8	0
	3.55	4.8	0
	3.55	4.8	0
	3.56	4.8	0
	3.56	4.8	0
	3.57	4.8	0
	3.57	4.8	0
	3.58	4.8	0
	3.58	4.8	0
	3.59	4.8	0
	3.59	4.8	0
	3.6	4.8	0
	3.6	4.8	0


	3.4	6.2	0
	3.4	6.2	0
	3.41	6.2	0
	3.41	6.2	0
	3.42	6.2	0
	3.42	6.2	0
	3.43	6.2	0
	3.43	6.2	0
	3.44	6.2	0
	3.44	6.2	0
	3.45	6.2	0
	3.45	6.2	0
	3.46	6.2	0
	3.46	6.2	0
	3.47	6.2	0
	3.47	6.2	0
	3.48	6.2	0
	3.48	6.2	0
	3.49	6.2	0
	3.49	6.2	0
	3.5	6.2	0
	3.5	6.2	0
	3.51	6.2	0
	3.51	6.2	0
	3.52	6.2	0
	3.52	6.2	0
	3.53	6.2	0
	3.53	6.2	0
	3.54	6.2	0
	3.54	6.2	0
	3.55	6.2	0
	3.55	6.2	0
	3.56	6.2	0
	3.56	6.2	0
	3.57	6.2	0
	3.57	6.2	0
	3.58	6.2	0
	3.58	6.2	0
	3.59	6.2	0
	3.59	6.2	0
	3.6	6.2	0
	3.6	6.2	0

	3.4	6.8	0
	3.4	6.8	0
	3.41	6.8	0
	3.41	6.8	0
	3.42	6.8	0
	3.42	6.8	0
	3.43	6.8	0
	3.43	6.8	0
	3.44	6.8	0
	3.44	6.8	0
	3.45	6.8	0
	3.45	6.8	0
	3.46	6.8	0
	3.46	6.8	0
	3.47	6.8	0
	3.47	6.8	0
	3.48	6.8	0
	3.48	6.8	0
	3.49	6.8	0
	3.49	6.8	0
	3.5	6.8	0
	3.5	6.8	0
	3.51	6.8	0
	3.51	6.8	0
	3.52	6.8	0
	3.52	6.8	0
	3.53	6.8	0
	3.53	6.8	0
	3.54	6.8	0
	3.54	6.8	0
	3.55	6.8	0
	3.55	6.8	0
	3.56	6.8	0
	3.56	6.8	0
	3.57	6.8	0
	3.57	6.8	0
	3.58	6.8	0
	3.58	6.8	0
	3.59	6.8	0
	3.59	6.8	0
	3.6	6.8	0
	3.6	6.8	0


	3.4	8.2	0
	3.4	8.2	0
	3.41	8.2	0
	3.41	8.2	0
	3.42	8.2	0
	3.42	8.2	0
	3.43	8.2	0
	3.43	8.2	0
	3.44	8.2	0
	3.44	8.2	0
	3.45	8.2	0
	3.45	8.2	0
	3.46	8.2	0
	3.46	8.2	0
	3.47	8.2	0
	3.47	8.2	0
	3.48	8.2	0
	3.48	8.2	0
	3.49	8.2	0
	3.49	8.2	0
	3.5	8.2	0
	3.5	8.2	0
	3.51	8.2	0
	3.51	8.2	0
	3.52	8.2	0
	3.52	8.2	0
	3.53	8.2	0
	3.53	8.2	0
	3.54	8.2	0
	3.54	8.2	0
	3.55	8.2	0
	3.55	8.2	0
	3.56	8.2	0
	3.56	8.2	0
	3.57	8.2	0
	3.57	8.2	0
	3.58	8.2	0
	3.58	8.2	0
	3.59	8.2	0
	3.59	8.2	0
	3.6	8.2	0
	3.6	8.2	0

	3.4	8.8	0
	3.4	8.8	0
	3.41	8.8	0
	3.41	8.8	0
	3.42	8.8	0
	3.42	8.8	0
	3.43	8.8	0
	3.43	8.8	0
	3.44	8.8	0
	3.44	8.8	0
	3.45	8.8	0
	3.45	8.8	0
	3.46	8.8	0
	3.46	8.8	0
	3.47	8.8	0
	3.47	8.8	0
	3.48	8.8	0
	3.48	8.8	0
	3.49	8.8	0
	3.49	8.8	0
	3.5	8.8	0
	3.5	8.8	0
	3.51	8.8	0
	3.51	8.8	0
	3.52	8.8	0
	3.52	8.8	0
	3.53	8.8	0
	3.53	8.8	0
	3.54	8.8	0
	3.54	8.8	0
	3.55	8.8	0
	3.55	8.8	0
	3.56	8.8	0
	3.56	8.8	0
	3.57	8.8	0
	3.57	8.8	0
	3.58	8.8	0
	3.58	8.8	0
	3.59	8.8	0
	3.59	8.8	0
	3.6	8.8	0
	3.6	8.8	0


	3.4	10.2	0
	3.4	10.2	0
	3.41	10.2	0
	3.41	10.2	0
	3.42	10.2	0
	3.42	10.2	0
	3.43	10.2	0
	3.43	10.2	0
	3.44	10.2	0
	3.44	10.2	0
	3.45	10.2	0
	3.45	10.2	0
	3.46	10.2	0
	3.46	10.2	0
	3.47	10.2	0
	3.47	10.2	0
	3.48	10.2	0
	3.48	10.2	0
	3.49	10.2	0
	3.49	10.2	0
	3.5	10.2	0
	3.5	10.2	0
	3.51	10.2	0
	3.51	10.2	0
	3.52	10.2	0
	3.52	10.2	0
	3.53	10.2	0
	3.53	10.2	0
	3.54	10.2	0
	3.54	10.2	0
	3.55	10.2	0
	3.55	10.2	0
	3.56	10.2	0
	3.56	10.2	0
	3.57	10.2	0
	3.57	10.2	0
	3.58	10.2	0
	3.58	10.2	0
	3.59	10.2	0
	3.59	10.2	0
	3.6	10.2	0
	3.6	10.2	0

	3.4	10.8	0
	3.4	10.8	0
	3.41	10.8	0
	3.41	10.8	0
	3.42	10.8	0
	3.42	10.8	0
	3.43	10.8	0
	3.43	10.8	0
	3.44	10.8	0
	3.44	10.8	0
	3.45	10.8	0
	3.45	10.8	0
	3.46	10.8	0
	3.46	10.8	0
	3.47	10.8	0
	3.47	10.8	0
	3.48	10.8	0
	3.48	10.8	0
	3.49	10.8	0
	3.49	10.8	0
	3.5	10.8	0
	3.5	10.8	0
	3.51	10.8	0
	3.51	10.8	0
	3.52	10.8	0
	3.52	10.8	0
	3.53	10.8	0
	3.53	10.8	0
	3.54	10.8	0
	3.54	10.8	0
	3.55	10.8	0
	3.55	10.8	0
	3.56	10.8	0
	3.56	10.8	0
	3.57	10.8	0
	3.57	10.8	0
	3.58	10.8	0
	3.58	10.8	0
	3.59	10.8	0
	3.59	10.8	0
	3.6	10.8	0
	3.6	10.8	0


	3.4	12.2	0
	3.4	12.2	0
	3.41	12.2	0
	3.41	12.2	0
	3.42	12.2	0
	3.42	12.2	0
	3.43	12.2	0
	3.43	12.2	0
	3.44	12.2	0
	3.44	12.2	0
	3.45	12.2	0
	3.45	12.2	0
	3.46	12.2	0
	3.46	12.2	0
	3.47	12.2	0
	3.47	12.2	0
	3.48	12.2	0
	3.48	12.2	0
	3.49	12.2	0
	3.49	12.2	0
	3.5	12.2	0
	3.5	12.2	0
	3.51	12.2	0
	3.51	12.2	0
	3.52	12.2	0
	3.52	12.2	0
	3.53	12.2	0
	3.53	12.2	0
	3.54	12.2	0
	3.54	12.2	0
	3.55	12.2	0
	3.55	12.2	0
	3.56	12.2	0
	3.56	12.2	0
	3.57	12.2	0
	3.57	12.2	0
	3.58	12.2	0
	3.58	12.2	0
	3.59	12.2	0
	3.59	12.2	0
	3.6	12.2	0
	3.6	12.2	0

	3.4	12.8	0
	3.4	12.8	0
	3.41	12.8	0
	3.41	12.8	0
	3.42	12.8	0
	3.42	12.8	0
	3.43	12.8	0
	3.43	12.8	0
	3.44	12.8	0
	3.44	12.8	0
	3.45	12.8	0
	3.45	12.8	0
	3.46	12.8	0
	3.46	12.8	0
	3.47	12.8	0
	3.47	12.8	0
	3.48	12.8	0
	3.48	12.8	0
	3.49	12.8	0
	3.49	12.8	0
	3.5	12.8	0
	3.5	12.8	0
	3.51	12.8	0
	3.51	12.8	0
	3.52	12.8	0
	3.52	12.8	0
	3.53	12.8	0
	3.53	12.8	0
	3.54	12.8	0
	3.54	12.8	0
	3.55	12.8	0
	3.55	12.8	0
	3.56	12.8	0
	3.56	12.8	0
	3.57	12.8	0
	3.57	12.8	0
	3.58	12.8	0
	3.58	12.8	0
	3.59	12.8	0
	3.59	12.8	0
	3.6	12.8	0
	3.6	12.8	0


	3.4	14.2	0
	3.4	14.2	0
	3.41	14.2	0
	3.41	14.2	0
	3.42	14.2	0
	3.42	14.2	0
	3.43	14.2	0
	3.43	14.2	0
	3.44	14.2	0
	3.44	14.2	0
	3.45	14.2	0
	3.45	14.2	0
	3.46	14.2	0
	3.46	14.2	0
	3.47	14.2	0
	3.47	14.2	0
	3.48	14.2	0
	3.48	14.2	0
	3.49	14.2	0
	3.49	14.2	0
	3.5	14.2	0
	3.5	14.2	0
	3.51	14.2	0
	3.51	14.2	0
	3.52	14.2	0
	3.52	14.2	0
	3.53	14.2	0
	3.53	14.2	0
	3.54	14.2	0
	3.54	14.2	0
	3.55	14.2	0
	3.55	14.2	0
	3.56	14.2	0
	3.56	14.2	0
	3.57	14.2	0
	3.57	14.2	0
	3.58	14.2	0
	3.58	14.2	0
	3.59	14.2	0
	3.59	14.2	0
	3.6	14.2	0
	3.6	14.2	0

	3.4	14.8	0
	3.4	14.8	0
	3.41	14.8	0
	3.41	14.8	0
	3.42	14.8	0
	3.42	14.8	0
	3.43	14.8	0
	3.43	14.8	0
	3.44	14.8	0
	3.44	14.8	0
	3.45	14.8	0
	3.45	14.8	0
	3.46	14.8	0
	3.46	14.8	0
	3.47	14.8	0
	3.47	14.8	0
	3.48	14.8	0
	3.48	14.8	0
	3.49	14.8	0
	3.49	14.8	0
	3.5	14.8	0
	3.5	14.8	0
	3.51	14.8	0
	3.51	14.8	0
	3.52	14.8	0
	3.52	14.8	0
	3.53	14.8	0
	3.53	14.8	0
	3.54	14.8	0
	3.54	14.8	0
	3.55	14.8	0
	3.55	14.8	0
	3.56	14.8	0
	3.56	14.8	0
	3.57	14.8	0
	3.57	14.8	0
	3.58	14.8	0
	3.58	14.8	0
	3.59	14.8	0
	3.59	14.8	0
	3.6	14.8	0
	3.6	14.8	0


	4.4	0.2	0
	4.4	0.2	0.0226287
	4.41	0.2	0
	4.41	0.2	0.0226287
	4.42	0.2	0
	4.42	0.2	0.0226287
	4.43	0.2	0
	4.43	0.2	0.0226287
	4.44	0.2	0
	4.44	0.2	0.0226287
	4.45	0.2	0
	4.45	0.2	0.0226287
	4.46	0.2	0
	4.46	0.2	0.0226287
	4.47	0.2	0
	4.47	0.2	0.0226287
	4.48	0.2	0
	4.48	0.2	0.0226287
	4.49	0.2	0
	4.49	0.2	0.0226287
	4.5	0.2	0
	4.5	0.2	0.0226287
	4.51	0.2	0
	4.51	0.2	0.0226287
	4.52	0.2	0
	4.52	0.2	0.0226287
	4.53	0.2	0
	4.53	0.2	0.0226287
	4.54	0.2	0
	4.54	0.2	0.0226287
	4.55	0.2	0
	4.55	0.2	0.0226287
	4.56	0.2	0
	4.56	0.2	0.0226287
	4.57	0.2	0
	4.57	0.2	0.0226287
	4.58	0.2	0
	4.58	0.2	0.0226287
	4.59	0.2	0
	4.59	0.2	0.0226287
	4.6	0.2	0
	4.6	0.2	0.0226287

	4.4	0.8	0
	4.4	0.8	0.0226287
	4.41	0.8	0
	4.41	0.8	0.0226287
	4.42	0.8	0
	4.42	0.8	0.0226287
	4.43	0.8	0
	4.43	0.8	0.0226287
	4.44	0.8	0
	4.44	0.8	0.0226287
	4.45	0.8	0
	4.45	0.8	0.0226287
	4.46	0.8	0
	4.46	0.8	0.0226287
	4.47	0.8	0
	4.47	0.8	0.0226287
	4.48	0.8	0
	4.48	0.8	0.0226287
	4.49	0.8	0
	4.49	0.8	0.0226287
	4.5	0.8	0
	4.5	0.8	0.0226287
	4.51	0.8	0
	4.51	0.8	0.0226287
	4.52	0.8	0
	4.52	0.8	0.0226287
	4.53	0.8	0
	4.53	0.8	0.0226287
	4.54	0.8	0
	4.54	0.8	0.0226287
	4.55	0.8	0
	4.55	0.8	0.0226287
	4.56	0.8	0
	4.56	0.8	0.0226287
	4.57	0.8	0
	4.57	0.8	0.0226287
	4.58	0.8	0
	4.58	0.8	0.0226287
	4.59	0.8	0
	4.59	0.8	0.0226287
	4.6	0.8	0
	4.6	0.8	0.0226287


	4.4	2.2	0
	4.4	2.2	0.0178088
	4.41	2.2	0
	4.41	2.2	0.0178088
	4.42	2.2	0
	4.42	2.2	0.0178088
	4.43	2.2	0
	4.43	2.2	0.0178088
	4.44	2.2	0
	4.44	2.2	0.0178088
	4.45	2.2	0
	4.45	2.2	0.0178088
	4.46	2.2	0
	4.46	2.2	0.0178088
	4.47	2.2	0
	4.47	2.2	0.0178088
	4.48	2.2	0
	4.48	2.2	0.0178088
	4.49	2.2	0
	4.49	2.2	0.0178088
	4.5	2.2	0
	4.5	2.2	0.0178088
	4.51	2.2	0
	4.51	2.2	0.0178088
	4.52	2.2	0
	4.52	2.2	0.0178088
	4.53	2.2	0
	4.53	2.2	0.0178088
	4.54	2.2	0
	4.54	2.2	0.0178088
	4.55	2.2	0
	4.55	2.2	0.0178088
	4.56	2.2	0
	4.56	2.2	0.0178088
	4.57	2.2	0
	4.57	2.2	0.0178088
	4.58	2.2	0
	4.58	2.2	0.0178088
	4.59	2.2	0
	4.59	2.2	0.0178088
	4.6	2.2	0
	4.6	2.2	0.0178088

	4.4	2.8	0
	4.4	2.8	0.0178088
	4.41	2.8	0
	4.41	2.8	0.0178088
	4.42	2.8	0
	4.42	2.8	0.0178088
	4.43	2.8	0
	4.43	2.8	0.0178088
	4.44	2.8	0
	4.44	2.8	0.0178088
	4.45	2.8	0
	4.45	2.8	0.0178088
	4.46	2.8	0
	4.46	2.8	0.0178088
	4.47	2.8	0
	4.47	2.8	0.0178088
	4.48	2.8	0
	4.48	2.8	0.0178088
	4.49	2.8	0
	4.49	2.8	0.0178088
	4.5	2.8	0
	4.5	2.8	0.0178088
	4.51	2.8	0
	4.51	2.8	0.0178088
	4.52	2.8	0
	4.52	2.8	0.0178088
	4.53	2.8	0
	4.53	2.8	0.0178088
	4.54	2.8	0
	4.54	2.8	0.0178088
	4.55	2.8	0
	4.55	2.8	0.0178088
	4.56	2.8	0
	4.56	2.8	0.0178088
	4.57	2.8	0
	4.57	2.8	0.0178088
	4.58	2.8	0
	4.58	2.8	0.0178088
	4.59	2.8	0
	4.59	2.8	0.0178088
	4.6	2.8	0
	4.6	2.8	0.0178088


	4.4	4.2	0
	4.4	4.2	0
	4.41	4.2	0
	4.41	4.2	0
	4.42	4.2	0
	4.42	4.2	0
	4.43	4.2	0
	4.43	4.2	0
	4.44	4.2	0
	4.44	4.2	0
	4.45	4.2	0
	4.45	4.2	0
	4.46	4.2	0
	4.46	4.2	0
	4.47	4.2	0
	4.47	4.2	0
	4.48	4.2	0
	4.48	4.2	0
	4.49	4.2	0
	4.49	4.2	0
	4.5	4.2	0
	4.5	4.2	0
	4.51	4.2	0
	4.51	4.2	0
	4.52	4.2	0
	4.52	4.2	0
	4.53	4.2	0
	4.53	4.2	0
	4.54	4.2	0
	4.54	4.2	0
	4.55	4.2	0
	4.55	4.2	0
	4.56	4.2	0
	4.56	4.2	0
	4.57	4.2	0
	4.57	4.2	0
	4.58	4.2	0
	4.58	4.2	0
	4.59	4.2	0
	4.59	4.2	0
	4.6	4.2	0
	4.6	4.2	0

	4.4	4.8	0
	4.4	4.8	0
	4.41	4.8	0
	4.41	4.8	0
	4.42	4.8	0
	4.42	4.8	0
	4.43	4.8	0
	4.43	4.8	0
	4.44	4.8	0
	4.44	4.8	0
	4.45	4.8	0
	4.45	4.8	0
	4.46	4.8	0
	4.46	4.8	0
	4.47	4.8	0
	4.47	4.8	0
	4.48	4.8	0
	4.48	4.8	0
	4.49	4.8	0
	4.49	4.8	0
	4.5	4.8	0
	4.5	4.8	0
	4.51	4.8	0
	4.51	4.8	0
	4.52	4.8	0
	4.52	4.8	0
	4.53	4.8	0
	4.53	4.8	0
	4.54	4.8	0
	4.54	4.8	0
	4.55	4.8	0
	4.55	4.8	0
	4.56	4.8	0
	4.56	4.8	0
	4.57	4.8	0
	4.57	4.8	0
	4.58	4.8	0
	4.58	4.8	0
	4.59	4.8	0
	4.59	4.8	0
	4.6	4.8	0
	4.6	4.8	0


	4.4	6.2	0
	4.4	6.2	0
	4.41	6.2	0
	4.41	6.2	0
	4.42	6.2	0
	4.42	6.2	0
	4.43	6.2	0
	4.43	6.2	0
	4.44	6.2	0
	4.44	6.2	0
	4.45	6.2	0
	4.45	6.2	0
	4.46	6.2	0
	4.46	6.2	0
	4.47	6.2	0
	4.47	6.2	0
	4.48	6.2	0
	4.48	6.2	0
	4.49	6.2	0
	4.49	6.2	0
	4.5	6.2	0
	4.5	6.2	0
	4.51	6.2	0
	4.51	6.2	0
	4.52	6.2	0
	4.52	6.2	0
	4.53	6.2	0
	4.53	6.2	0
	4.54	6.2	0
	4.54	6.2	0
	4.55	6.2	0
	4.55	6.2	0
	4.56	6.2	0
	4.56	6.2	0
	4.57	6.2	0
	4.57	6.2	0
	4.58	6.2	0
	4.58	6.2	0
	4.59	6.2	0
	4.59	6.2	0
	4.6	6.2	0
	4.6	6.2	0

	4.4	6.8	0
	4.4	6.8	0
	4.41	6.8	0
	4.41	6.8	0
	4.42	6.8	0
	4.42	6.8	0
	4.43	6.8	0
	4.43	6.8	0
	4.44	6.8	0
	4.44	6.8	0
	4.45	6.8	0
	4.45	6.8	0
	4.46	6.8	0
	4.46	6.8	0
	4.47	6.8	0
	4.47	6.8	0
	4.48	6.8	0
	4.48	6.8	0
	4.49	6.8	0
	4.49	6.8	0
	4.5	6.8	0
	4.5	6.8	0
	4.51	6.8	0
	4.51	6.8	0
	4.52	6.8	0
	4.52	6.8	0
	4.53	6.8	0
	4.53	6.8	0
	4.54	6.8	0
	4.54	6.8	0
	4.55	6.8	0
	4.55	6.8	0
	4.56	6.8	0
	4.56	6.8	0
	4.57	6.8	0
	4.57	6.8	0
	4.58	6.8	0
	4.58	6.8	0
	4.59	6.8	0
	4.59	6.8	0
	4.6	6.8	0
	4.6	6.8	0


	4.4	8.2	0
	4.4	8.2	0
	4.41	8.2	0
	4.41	8.2	0
	4.42	8.2	0
	4.42	8.2	0
	4.43	8.2	0
	4.43	8.2	0
	4.44	8.2	0
	4.44	8.2	0
	4.45	8.2	0
	4.45	8.2	0
	4.46	8.2	0
	4.46	8.2	0
	4.47	8.2	0
	4.47	8.2	0
	4.48	8.2	0
	4.48	8.2	0
	4.49	8.2	0
	4.49	8.2	0
	4.5	8.2	0
	4.5	8.2	0
	4.51	8.2	0
	4.51	8.2	0
	4.52	8.2	0
	4.52	8.2	0
	4.53	8.2	0
	4.53	8.2	0
	4.54	8.2	0
	4.54	8.2	0
	4.55	8.2	0
	4.55	8.2	0
	4.56	8.2	0
	4.56	8.2	0
	4.57	8.2	0
	4.57	8.2	0
	4.58	8.2	0
	4.58	8.2	0
	4.59	8.2	0
	4.59	8.2	0
	4.6	8.2	0
	4.6	8.2	0

	4.4	8.8	0
	4.4	8.8	0
	4.41	8.8	0
	4.41	8.8	0
	4.42	8.8	0
	4.42	8.8	0
	4.43	8.8	0
	4.43	8.8	0
	4.44	8.8	0
	4.44	8.8	0
	4.45	8.8	0
	4.45	8.8	0
	4.46	8.8	0
	4.46	8.8	0
	4.47	8.8	0
	4.47	8.8	0
	4.48	8.8	0
	4.48	8.8	0
	4.49	8.8	0
	4.49	8.8	0
	4.5	8.8	0
	4.5	8.8	0
	4.51	8.8	0
	4.51	8.8	0
	4.52	8.8	0
	4.52	8.8	0
	4.53	8.8	0
	4.53	8.8	0
	4.54	8.8	0
	4.54	8.8	0
	4.55	8.8	0
	4.55	8.8	0
	4.56	8.8	0
	4.56	8.8	0
	4.57	8.8	0
	4.57	8.8	0
	4.58	8.8	0
	4.58	8.8	0
	4.59	8.8	0
	4.59	8.8	0
	4.6	8.8	0
	4.6	8.8	0


	4.4	10.2	0
	4.4	10.2	0
	4.41	10.2	0
	4.41	10.2	0
	4.42	10.2	0
	4.42	10.2	0
	4.43	10.2	0
	4.43	10.2	0
	4.44	10.2	0
	4.44	10.2	0
	4.45	10.2	0
	4.45	10.2	0
	4.46	10.2	0
	4.46	10.2	0
	4.47	10.2	0
	4.47	10.2	0
	4.48	10.2	0
	4.48	10.2	0
	4.49	10.2	0
	4.49	10.2	0
	4.5	10.2	0
	4.5	10.2	0
	4.51	10.2	0
	4.51	10.2	0
	4.52	10.2	0
	4.52	10.2	0
	4.53	10.2	0
	4.53	10.2	0
	4.54	10.2	0
	4.54	10.2	0
	4.55	10.2	0
	4.55	10.2	0
	4.56	10.2	0
	4.56	10.2	0
	4.57	10.2	0
	4.57	10.2	0
	4.58	10.2	0
	4.58	10.2	0
	4.59	10.2	0
	4.59	10.2	0
	4.6	10.2	0
	4.6	10.2	0

	4.4	10.8	0
	4.4	10.8	0
	4.41	10.8	0
	4.41	10.8	0
	4.42	10.8	0
	4.42	10.8	0
	4.43	10.8	0
	4.43	10.8	0
	4.44	10.8	0
	4.44	10.8	0
	4.45	10.8	0
	4.45	10.8	0
	4.46	10.8	0
	4.46	10.8	0
	4.47	10.8	0
	4.47	10.8	0
	4.48	10.8	0
	4.48	10.8	0
	4.49	10.8	0
	4.49	10.8	0
	4.5	10.8	0
	4.5	10.8	0
	4.51	10.8	0
	4.51	10.8	0
	4.52	10.8	0
	4.52	10.8	0
	4.53	10.8	0
	4.53	10.8	0
	4.54	10.8	0
	4.54	10.8	0
	4.55	10.8	0
	4.55	10.8	0
	4.56	10.8	0
	4.56	10.8	0
	4.57	10.8	0
	4.57	10.8	0
	4.58	10.8	0
	4.58	10.8	0
	4.59	10.8	0
	4.59	10.8	0
	4.6	10.8	0
	4.6	10.8	0


	4.4	12.2	0
	4.4	12.2	0
	4.41	12.2	0
	4.41	12.2	0
	4.42	12.2	0
	4.42	12.2	0
	4.43	12.2	0
	4.43	12.2	0
	4.44	12.2	0
	4.44	12.2	0
	4.45	12.2	0
	4.45	12.2	0
	4.46	12.2	0
	4.46	12.2	0
	4.47	12.2	0
	4.47	12.2	0
	4.48	12.2	0
	4.48	12.2	0
	4.49	12.2	0
	4.49	12.2	0
	4.5	12.2	0
	4.5	12.2	0
	4.51	12.2	0
	4.51	12.2	0
	4.52	12.2	0
	4.52	12.2	0
	4.53	12.2	0
	4.53	12.2	0
	4.54	12.2	0
	4.54	12.2	0
	4.55	12.2	0
	4.55	12.2	0
	4.56	12.2	0
	4.56	12.2	0
	4.57	12.2	0
	4.57	12.2	0
	4.58	12.2	0
	4.58	12.2	0
	4.59	12.2	0
	4.59	12.2	0
	4.6	12.2	0
	4.6	12.2	0

	4.4	12.8	0
	4.4	12.8	0
	4.41	12.8	0
	4.41	12.8	0
	4.42	12.8	0
	4.42	12.8	0
	4.43	12.8	0
	4.43	12.8	0
	4.44	12.8	0
	4.44	12.8	0
	4.45	12.8	0
	4.45	12.8	0
	4.46	12.8	0
	4.46	12.8	0
	4.47	12.8	0
	4.47	12.8	0
	4.48	12.8	0
	4.48	12.8	0
	4.49	12.8	0
	4.49	12.8	0
	4.5	12.8	0
	4.5	12.8	0
	4.51	12.8	0
	4.51	12.8	0
	4.52	12.8	0
	4.52	12.8	0
	4.53	12.8	0
	4.53	12.8	0
	4.54	12.8	0
	4.54	12.8	0
	4.55	12.8	0
	4.55	12.8	0
	4.56	12.8	0
	4.56	12.8	0
	4.57	12.8	0
	4.57	12.8	0
	4.58	12.8	0
	4.58	12.8	0
	4.59	12.8	0
	4.59	12.8	0
	4.6	12.8	0
	4.6	12.8	0


	4.4	14.2	0
	4.4	14.2	0
	4.41	14.2	0
	4.41	14.2	0
	4.42	14.2	0
	4.42	14.2	0
	4.43	14.2	0
	4.43	14.2	0
	4.44	14.2	0
	4.44	14.2	0
	4.45	14.2	0
	4.45	14.2	0
	4.46	14.2	0
	4.46	14.2	0
	4.47	14.2	0
	4.47	14.2	0
	4.48	14.2	0
	4.48	14.2	0
	4.49	14.2	0
	4.49	14.2	0
	4.5	14.2	0
	4.5	14.2	0
	4.51	14.2	0
	4.51	14.2	0
	4.52	14.2	0
	4.52	14.2	0
	4.53	14.2	0
	4.53	14.2	0
	4.54	14.2	0
	4.54	14.2	0
	4.55	14.2	0
	4.55	14.2	0
	4.56	14.2	0
	4.56	14.2	0
	4.57	14.2	0
	4.57	14.2	0
	4.58	14.2	0
	4.58	14.2	0
	4.59	14.2	0
	4.59	14.2	0
	4.6	14.2	0
	4.6	14.2	0

	4.4	14.8	0
	4.4	14.8	0
	4.41	14.8	0
	4.41	14.8	0
	4.42	14.8	0
	4.42	14.8	0
	4.43	14.8	0
	4.43	14.8	0
	4.44	14.8	0
	4.44	14.8	0
	4.45	14.8	0
	4.45	14.8	0
	4.46	14.8	0
	4.46	14.8	0
	4.47	14.8	0
	4.47	14.8	0
	4.48	14.8	0
	4.48	14.8	0
	4.49	14.8	0
	4.49	14.8	0
	4.5	14.8	0
	4.5	14.8	0
	4.51	14.8	0
	4.51	14.8	0
	4.52	14.8	0
	4.52	14.8	0
	4.53	14.8	0
	4.53	14.8	0
	4.54	14.8	0
	4.54	14.8	0
	4.55	14.8	0
	4.55	14.8	0
	4.56	14.8	0
	4.56	14.8	0
	4.57	14.8	0
	4.57	14.8	0
	4.58	14.8	0
	4.58	14.8	0
	4.59	14.8	0
	4.59	14.8	0
	4.6	14.8	0
	4.6	14.8	0


	5.4	0.2	0
	5.4	0.2	0.0116564
	5.41	0.2	0
	5.41	0.2	0.0116564
	5.42	0.2	0
	5.42	0.2	0.0116564
	5.43	0.2	0
	5.43	0.2	0.0116564
	5.44	0.2	0
	5.44	0.2	0.0116564
	5.45	0.2	0
	5.45	0.2	0.0116564
	5.46	0.2	0
	5.46	0.2	0.0116564
	5.47	0.2	0
	5.47	0.2	0.0116564
	5.48	0.2	0
	5.48	0.2	0.0116564
	5.49	0.2	0
	5.49	0.2	0.0116564
	5.5	0.2	0
	5.5	0.2	0.0116564
	5.51	0.2	0
	5.51	0.2	0.0116564
	5.52	0.2	0
	5.52	0.2	0.0116564
	5.53	0.2	0
	5.53	0.2	0.0116564
	5.54	0.2	0
	5.54	0.2	0.0116564
	5.55	0.2	0
	5.55	0.2	0.0116564
	5.56	0.2	0
	5.56	0.2	0.0116564
	5.57	0.2	0
	5.57	0.2	0.0116564
	5.58	0.2	0
	5.58	0.2	0.0116564
	5.59	0.2	0
	5.59	0.2	0.0116564
	5.6	0.2	0
	5.6	0.2	0.0116564

	5.4	0.8	0
	5.4	0.8	0.0116564
	5.41	0.8	0
	5.41	0.8	0.0116564
	5.42	0.8	0
	5.42	0.8	0.0116564
	5.43	0.8	0
	5.43	0.8	0.0116564
	5.44	0.8	0
	5.44	0.8	0.0116564
	5.45	0.8	0
	5.45	0.8	0.0116564
	5.46	0.8	0
	5.46	0.8	0.0116564
	5.47	0.8	0
	5.47	0.8	0.0116564
	5.48	0.8	0
	5.48	0.8	0.0116564
	5.49	0.8	0
	5.49	0.8	0.0116564
	5.5	0.8	0
	5.5	0.8	0.0116564
	5.51	0.8	0
	5.51	0.8	0.0116564
	5.52	0.8	0
	5.52	0.8	0.0116564
	5.53	0.8	0
	5.53	0.8	0.0116564
	5.54	0.8	0
	5.54	0.8	0.0116564
	5.55	0.8	0
	5.55	0.8	0.0116564
	5.56	0.8	0
	5.56	0.8	0.0116564
	5.57	0.8	0
	5.57	0.8	0.0116564
	5.58	0.8	0
	5.58	0.8	0.0116564
	5.59	0.8	0
	5.59	0.8	0.0116564
	5.6	0.8	0
	5.6	0.8	0.0116564


	5.4	2.2	0
	5.4	2.2	0.00570953
	5.41	2.2	0
	5.41	2.2	0.00570953
	5.42	2.2	0
	5.42	2.2	0.00570953
	5.43	2.2	0
	5.43	2.2	0.00570953
	5.44	2.2	0
	5.44	2.2	0.00570953
	5.45	2.2	0
	5.45	2.2	0.00570953
	5.46	2.2	0
	5.46	2.2	0.00570953
	5.47	2.2	0
	5.47	2.2	0.00570953
	5.48	2.2	0
	5.48	2.2	0.00570953
	5.49	2.2	0
	5.49	2.2	0.00570953
	5.5	2.2	0
	5.5	2.2	0.00570953
	5.51	2.2	0
	5.51	2.2	0.00570953
	5.52	2.2	0
	5.52	2.2	0.00570953
	5.53	2.2	0
	5.53	2.2	0.00570953
	5.54	2.2	0
	5.54	2.2	0.00570953
	5.55	2.2	0
	5.55	2.2	0.00570953
	5.56	2.2	0
	5.56	2.2	0.00570953
	5.57	2.2	0
	5.57	2.2	0.00570953
	5.58	2.2	0
	5.58	2.2	0.00570953
	5.59	2.2	0
	5.59	2.2	0.00570953
	5.6	2.2	0
	5.6	2.2	0.00570953

	5.4	2.8	0
	5.4	2.8	0.00570953
	5.41	2.8	0
	5.41	2.8	0.00570953
	5.42	2.8	0
	5.42	2.8	0.00570953
	5.43	2.8	0
	5.43	2.8	0.00570953
	5.44	2.8	0
	5.44	2.8	0.00570953
	5.45	2.8	0
	5.45	2.8	0.00570953
	5.46	2.8	0
	5.46	2.8	0.00570953
	5.47	2.8	0
	5.47	2.8	0.00570953
	5.48	2.8	0
	5.48	2.8	0.00570953
	5.49	2.8	0
	5.49	2.8	0.00570953
	5.5	2.8	0
	5.5	2.8	0.00570953
	5.51	2.8	0
	5.51	2.8	0.00570953
	5.52	2.8	0
	5.52	2.8	0.00570953
	5.53	2.8	0
	5.53	2.8	0.00570953
	5.54	2.8	0
	5.54	2.8	0.00570953
	5.55	2.8	0
	5.55	2.8	0.00570953
	5.56	2.8	0
	5.56	2.8	0.00570953
	5.57	2.8	0
	5.57	2.8	0.00570953
	5.58	2.8	0
	5.58	2.8	0.00570953
	5.59	2.8	0
	5.59	2.8	0.00570953
	5.6	2.8	0
	5.6	2.8	0.00570953


	5.4	4.2	0
	5.4	4.2	0
	5.41	4.2	0
	5.41	4.2	0
	5.42	4.2	0
	5.42	4.2	0
	5.43	4.2	0
	5.43	4.2	0
	5.44	4.2	0
	5.44	4.2	0
	5.45	4.2	0
	5.45	4.2	0
	5.46	4.2	0
	5.46	4.2	0
	5.47	4.2	0
	5.47	4.2	0
	5.48	4.2	0
	5.48	4.2	0
	5.49	4.2	0
	5.49	4.2	0
	5.5	4.2	0
	5.5	4.2	0
	5.51	4.2	0
	5.51	4.2	0
	5.52	4.2	0
	5.52	4.2	0
	5.53	4.2	0
	5.53	4.2	0
	5.54	4.2	0
	5.54	4.2	0
	5.55	4.2	0
	5.55	4.2	0
	5.56	4.2	0
	5.56	4.2	0
	5.57	4.2	0
	5.57	4.2	0
	5.58	4.2	0
	5.58	4.2	0
	5.59	4.2	0
	5.59	4.2	0
	5.6	4.2	0
	5.6	4.2	0

	5.4	4.8	0
	5.4	4.8	0
	5.41	4.8	0
	5.41	4.8	0
	5.42	4.8	0
	5.42	4.8	0
	5.43	4.8	0
	5.43	4.8	0
	5.44	4.8	0
	5.44	4.8	0
	5.45	4.8	0
	5.45	4.8	0
	5.46	4.8	0
	5.46	4.8	0
	5.47	4.8	0
	5.47	4.8	0
	5.48	4.8	0
	5.48	4.8	0
	5.49	4.8	0
	5.49	4.8	0
	5.5	4.8	0
	5.5	4.8	0
	5.51	4.8	0
	5.51	4.8	0
	5.52	4.8	0
	5.52	4.8	0
	5.53	4.8	0
	5.53	4.8	0
	5.54	4.8	0
	5.54	4.8	0
	5.55	4.8	0
	5.55	4.8	0
	5.56	4.8	0
	5.56	4.8	0
	5.57	4.8	0
	5.57	4.8	0
	5.58	4.8	0
	5.58	4.8	0
	5.59	4.8	0
	5.59	4.8	0
	5.6	4.8	0
	5.6	4.8	0


	5.4	6.2	0
	5.4	6.2	0
	5.41	6.2	0
	5.41	6.2	0
	5.42	6.2	0
	5.42	6.2	0
	5.43	6.2	0
	5.43	6.2	0
	5.44	6.2	0
	5.44	6.2	0
	5.45	6.2	0
	5.45	6.2	0
	5.46	6.2	0
	5.46	6.2	0
	5.47	6.2	0
	5.47	6.2	0
	5.48	6.2	0
	5.48	6.2	0
	5.49	6.2	0
	5.49	6.2	0
	5.5	6.2	0
	5.5	6.2	0
	5.51	6.2	0
	5.51	6.2	0
	5.52	6.2	0
	5.52	6.2	0
	5.53	6.2	0
	5.53	6.2	0
	5.54	6.2	0
	5.54	6.2	0
	5.55	6.2	0
	5.55	6.2	0
	5.56	6.2	0
	5.56	6.2	0
	5.57	6.2	0
	5.57	6.2	0
	5.58	6.2	0
	5.58	6.2	0
	5.59	6.2	0
	5.59	6.2	0
	5.6	6.2	0
	5.6	6.2	0

	5.4	6.8	0
	5.4	6.8	0
	5.41	6.8	0
	5.41	6.8	0
	5.42	6.8	0
	5.42	6.8	0
	5.43	6.8	0
	5.43	6.8	0
	5.44	6.8	0
	5.44	6.8	0
	5.45	6.8	0
	5.45	6.8	0
	5.46	6.8	0
	5.46	6.8	0
	5.47	6.8	0
	5.47	6.8	0
	5.48	6.8	0
	5.48	6.8	0
	5.49	6.8	0
	5.49	6.8	0
	5.5	6.8	0
	5.5	6.8	0
	5.51	6.8	0
	5.51	6.8	0
	5.52	6.8	0
	5.52	6.8	0
	5.53	6.8	0
	5.53	6.8	0
	5.54	6.8	0
	5.54	6.8	0
	5.55	6.8	0
	5.55	6.8	0
	5.56	6.8	0
	5.56	6.8	0
	5.57	6.8	0
	5.57	6.8	0
	5.58	6.8	0
	5.58	6.8	0
	5.59	6.8	0
	5.59	6.8	0
	5.6	6.8	0
	5.6	6.8	0


	5.4	8.2	0
	5.4	8.2	0
	5.41	8.2	0
	5.41	8.2	0
	5.42	8.2	0
	5.42	8.2	0
	5.43	8.2	0
	5.43	8.2	0
	5.44	8.2	0
	5.44	8.2	0
	5.45	8.2	0
	5.45	8.2	0
	5.46	8.2	0
	5.46	8.2	0
	5.47	8.2	0
	5.47	8.2	0
	5.48	8.2	0
	5.48	8.2	0
	5.49	8.2	0
	5.49	8.2	0
	5.5	8.2	0
	5.5	8.2	0
	5.51	8.2	0
	5.51	8.2	0
	5.52	8.2	0
	5.52	8.2	0
	5.53	8.2	0
	5.53	8.2	0
	5.54	8.2	0
	5.54	8.2	0
	5.55	8.2	0
	5.55	8.2	0
	5.56	8.2	0
	5.56	8.2	0
	5.57	8.2	0
	5.57	8.2	0
	5.58	8.2	0
	5.58	8.2	0
	5.59	8.2	0
	5.59	8.2	0
	5.6	8.2	0
	5.6	8.2	0

	5.4	8.8	0
	5.4	8.8	0
	5.41	8.8	0
	5.41	8.8	0
	5.42	8.8	0
	5.42	8.8	0
	5.43	8.8	0
	5.43	8.8	0
	5.44	8.8	0
	5.44	8.8	0
	5.45	8.8	0
	5.45	8.8	0
	5.46	8.8	0
	5.46	8.8	0
	5.47	8.8	0
	5.47	8.8	0
	5.48	8.8	0
	5.48	8.8	0
	5.49	8.8	0
	5.49	8.8	0
	5.5	8.8	0
	5.5	8.8	0
	5.51	8.8	0
	5.51	8.8	0
	5.52	8.8	0
	5.52	8.8	0
	5.53	8.8	0
	5.53	8.8	0
	5.54	8.8	0
	5.54	8.8	0
	5.55	8.8	0
	5.55	8.8	0
	5.56	8.8	0
	5.56	8.8	0
	5.57	8.8	0
	5.57	8.8	0
	5.58	8.8	0
	5.58	8.8	0
	5.59	8.8	0
	5.59	8.8	0
	5.6	8.8	0
	5.6	8.8	0


	5.4	10.2	0
	5.4	10.2	0
	5.41	10.2	0
	5.41	10.2	0
	5.42	10.2	0
	5.42	10.2	0
	5.43	10.2	0
	5.43	10.2	0
	5.44	10.2	0
	5.44	10.2	0
	5.45	10.2	0
	5.45	10.2	0
	5.46	10.2	0
	5.46	10.2	0
	5.47	10.2	0
	5.47	10.2	0
	5.48	10.2	0
	5.48	10.2	0
	5.49	10.2	0
	5.49	10.2	0
	5.5	10.2	0
	5.5	10.2	0
	5.51	10.2	0
	5.51	10.2	0
	5.52	10.2	0
	5.52	10.2	0
	5.53	10.2	0
	5.53	10.2	0
	5.54	10.2	0
	5.54	10.2	0
	5.55	10.2	0
	5.55	10.2	0
	5.56	10.2	0
	5.56	10.2	0
	5.57	10.2	0
	5.57	10.2	0
	5.58	10.2	0
	5.58	10.2	0
	5.59	10.2	0
	5.59	10.2	0
	5.6	10.2	0
	5.6	10.2	0

	5.4	10.8	0
	5.4	10.8	0
	5.41	10.8	0
	5.41	10.8	0
	5.42	10.8	0
	5.42	10.8	0
	5.43	10.8	0
	5.43	10.8	0
	5.44	10.8	0
	5.44	10.8	0
	5.45	10.8	0
	5.45	10.8	0
	5.46	10.8	0
	5.46	10.8	0
	5.47	10.8	0
	5.47	10.8	0
	5.48	10.8	0
	5.48	10.8	0
	5.49	10.8	0
	5.49	10.8	0
	5.5	10.8	0
	5.5	10.8	0
	5.51	10.8	0
	5.51	10.8	0
	5.52	10.8	0
	5.52	10.8	0
	5.53	10.8	0
	5.53	10.8	0
	5.54	10.8	0
	5.54	10.8	0
	5.55	10.8	0
	5.55	10.8	0
	5.56	10.8	0
	5.56	10.8	0
	5.57	10.8	0
	5.57	10.8	0
	5.58	10.8	0
	5.58	10.8	0
	5.59	10.8	0
	5.59	10.8	0
	5.6	10.8	0
	5.6	10.8	0


	5.4	12.2	0
	5.4	12.2	0
	5.41	12.2	0
	5.41	12.2	0
	5.42	12.2	0
	5.42	12.2	0
	5.43	12.2	0
	5.43	12.2	0
	5.44	12.2	0
	5.44	12.2	0
	5.45	12.2	0
	5.45	12.2	0
	5.46	12.2	0
	5.46	12.2	0
	5.47	12.2	0
	5.47	12.2	0
	5.48	12.2	0
	5.48	12.2	0
	5.49	12.2	0
	5.49	12.2	0
	5.5	12.2	0
	5.5	12.2	0
	5.51	12.2	0
	5.51	12.2	0
	5.52	12.2	0
	5.52	12.2	0
	5.53	12.2	0
	5.53	12.2	0
	5.54	12.2	0
	5.54	12.2	0
	5.55	12.2	0
	5.55	12.2	0
	5.56	12.2	0
	5.56	12.2	0
	5.57	12.2	0
	5.57	12.2	0
	5.58	12.2	0
	5.58	12.2	0
	5.59	12.2	0
	5.59	12.2	0
	5.6	12.2	0
	5.6	12.2	0

	5.4	12.8	0
	5.4	12.8	0
	5.41	12.8	0
	5.41	12.8	0
	5.42	12.8	0
	5.42	12.8	0
	5.43	12.8	0
	5.43	12.8	0
	5.44	12.8	0
	5.44	12.8	0
	5.45	12.8	0
	5.45	12.8	0
	5.46	12.8	0
	5.46	12.8	0
	5.47	12.8	0
	5.47	12.8	0
	5.48	12.8	0
	5.48	12.8	0
	5.49	12.8	0
	5.49	12.8	0
	5.5	12.8	0
	5.5	12.8	0
	5.51	12.8	0
	5.51	12.8	0
	5.52	12.8	0
	5.52	12.8	0
	5.53	12.8	0
	5.53	12.8	0
	5.54	12.8	0
	5.54	12.8	0
	5.55	12.8	0
	5.55	12.8	0
	5.56	12.8	0
	5.56	12.8	0
	5.57	12.8	0
	5.57	12.8	0
	5.58	12.8	0
	5.58	12.8	0
	5.59	12.8	0
	5.59	12.8	0
	5.6	12.8	0
	5.6	12.8	0


	5.4	14.2	0
	5.4	14.2	0
	5.41	14.2	0
	5.41	14.2	0
	5.42	14.2	0
	5.42	14.2	0
	5.43	14.2	0
	5.43	14.2	0
	5.44	14.2	0
	5.44	14.2	0
	5.45	14.2	0
	5.45	14.2	0
	5.46	14.2	0
	5.46	14.2	0
	5.47	14.2	0
	5.47	14.2	0
	5.48	14.2	0
	5.48	14.2	0
	5.49	14.2	0
	5.49	14.2	0
	5.5	14.2	0
	5.5	14.2	0
	5.51	14.2	0
	5.51	14.2	0
	5.52	14.2	0
	5.52	14.2	0
	5.53	14.2	0
	5.53	14.2	0
	5.54	14.2	0
	5.54	14.2	0
	5.55	14.2	0
	5.55	14.2	0
	5.56	14.2	0
	5.56	14.2	0
	5.57	14.2	0
	5.57	14.2	0
	5.58	14.2	0
	5.58	14.2	0
	5.59	14.2	0
	5.59	14.2	0
	5.6	14.2	0
	5.6	14.2	0

	5.4	14.8	0
	5.4	14.8	0
	5.41	14.8	0
	5.41	14.8	0
	5.42	14.8	0
	5.42	14.8	0
	5.43	14.8	0
	5.43	14.8	0
	5.44	14.8	0
	5.44	14.8	0
	5.45	14.8	0
	5.45	14.8	0
	5.46	14.8	0
	5.46	14.8	0
	5.47	14.8	0
	5.47	14.8	0
	5.48	14.8	0
	5.48	14.8	0
	5.49	14.8	0
	5.49	14.8	0
	5.5	14.8	0
	5.5	14.8	0
	5.51	14.8	0
	5.51	14.8	0
	5.52	14.8	0
	5.52	14.8	0
	5.53	14.8	0
	5.53	14.8	0
	5.54	14.8	0
	5.54	14.8	0
	5.55	14.8	0
	5.55	14.8	0
	5.56	14.8	0
	5.56	14.8	0
	5.57	14.8	0
	5.57	14.8	0
	5.58	14.8	0
	5.58	14.8	0
	5.59	14.8	0
	5.59	14.8	0
	5.6	14.8	0
	5.6	14.8	0


	6.4	0.2	0
	6.4	0.2	0.0072922
	6.41	0.2	0
	6.41	0.2	0.0072922
	6.42	0.2	0
	6.42	0.2	0.0072922
	6.43	0.2	0
	6.43	0.2	0.0072922
	6.44	0.2	0
	6.44	0.2	0.0072922
	6.45	0.2	0
	6.45	0.2	0.0072922
	6.46	0.2	0
	6.46	0.2	0.0072922
	6.47	0.2	0
	6.47	0.2	0.0072922
	6.48	0.2	0
	6.48	0.2	0.0072922
	6.49	0.2	0
	6.49	0.2	0.0072922
	6.5	0.2	0
	6.5	0.2	0.0072922
	6.51	0.2	0
	6.51	0.2	0.0072922
	6.52	0.2	0
	6.52	0.2	0.0072922
	6.53	0.2	0
	6.53	0.2	0.0072922
	6.54	0.2	0
	6.54	0.2	0.0072922
	6.55	0.2	0
	6.55	0.2	0.0072922
	6.56	0.2	0
	6.56	0.2	0.0072922
	6.57	0.2	0
	6.57	0.2	0.0072922
	6.58	0.2	0
	6.58	0.2	0.0072922
	6.59	0.2	0
	6.59	0.2	0.0072922
	6.6	0.2	0
	6.6	0.2	0.0072922

	6.4	0.8	0
	6.4	0.8	0.0072922
	6.41	0.8	0
	6.41	0.8	0.0072922
	6.42	0.8	0
	6.42	0.8	0.0072922
	6.43	0.8	0
	6.43	0.8	0.0072922
	6.44	0.8	0
	6.44	0.8	0.0072922
	6.45	0.8	0
	6.45	0.8	0.0072922
	6.46	0.8	0
	6.46	0.8	0.0072922
	6.47	0.8	0
	6.47	0.8	0.0072922
	6.48	0.8	0
	6.48	0.8	0.0072922
	6.49	0.8	0
	6.49	0.8	0.0072922
	6.5	0.8	0
	6.5	0.8	0.0072922
	6.51	0.8	0
	6.51	0.8	0.0072922
	6.52	0.8	0
	6.52	0.8	0.0072922
	6.53	0.8	0
	6.53	0.8	0.0072922
	6.54	0.8	0
	6.54	0.8	0.0072922
	6.55	0.8	0
	6.55	0.8	0.0072922
	6.56	0.8	0
	6.56	0.8	0.0072922
	6.57	0.8	0
	6.57	0.8	0.0072922
	6.58	0.8	0
	6.58	0.8	0.0072922
	6.59	0.8	0
	6.59	0.8	0.0072922
	6.6	0.8	0
	6.6	0.8	0.0072922


	6.4	2.2	0
	6.4	2.2	0.0069367
	6.41	2.2	0
	6.41	2.2	0.0069367
	6.42	2.2	0
	6.42	2.2	0.0069367
	6.43	2.2	0
	6.43	2.2	0.0069367
	6.44	2.2	0
	6.44	2.2	0.0069367
	6.45	2.2	0
	6.45	2.2	0.0069367
	6.46	2.2	0
	6.46	2.2	0.0069367
	6.47	2.2	0
	6.47	2.2	0.0069367
	6.48	2.2	0
	6.48	2.2	0.0069367
	6.49	2.2	0
	6.49	2.2	0.0069367
	6.5	2.2	0
	6.5	2.2	0.0069367
	6.51	2.2	0
	6.51	2.2	0.0069367
	6.52	2.2	0
	6.52	2.2	0.0069367
	6.53	2.2	0
	6.53	2.2	0.0069367
	6.54	2.2	0
	6.54	2.2	0.0069367
	6.55	2.2	0
	6.55	2.2	0.0069367
	6.56	2.2	0
	6.56	2.2	0.0069367
	6.57	2.2	0
	6.57	2.2	0.0069367
	6.58	2.2	0
	6.58	2.2	0.0069367
	6.59	2.2	0
	6.59	2.2	0.0069367
	6.6	2.2	0
	6.6	2.2	0.0069367

	6.4	2.8	0
	6.4	2.8	0.0069367
	6.41	2.8	0
	6.41	2.8	0.0069367
	6.42	2.8	0
	6.42	2.8	0.0069367
	6.43	2.8	0
	6.43	2.8	0.0069367
	6.44	2.8	0
	6.44	2.8	0.0069367
	6.45	2.8	0
	6.45	2.8	0.0069367
	6.46	2.8	0
	6.46	2.8	0.0069367
	6.47	2.8	0
	6.47	2.8	0.0069367
	6.48	2.8	0
	6.48	2.8	0.0069367
	6.49	2.8	0
	6.49	2.8	0.0069367
	6.5	2.8	0
	6.5	2.8	0.0069367
	6.51	2.8	0
	6.51	2.8	0.0069367
	6.52	2.8	0
	6.52	2.8	0.0069367
	6.53	2.8	0
	6.53	2.8	0.0069367
	6.54	2.8	0
	6.54	2.8	0.0069367
	6.55	2.8	0
	6.55	2.8	0.0069367
	6.56	2.8	0
	6.56	2.8	0.0069367
	6.57	2.8	0
	6.57	2.8	0.0069367
	6.58	2.8	0
	6.58	2.8	0.0069367
	6.59	2.8	0
	6.59	2.8	0.0069367
	6.6	2.8	0
	6.6	2.8	0.0069367


	6.4	4.2	0
	6.4	4.2	0
	6.41	4.2	0
	6.41	4.2	0
	6.42	4.2	0
	6.42	4.2	0
	6.43	4.2	0
	6.43	4.2	0
	6.44	4.2	0
	6.44	4.2	0
	6.45	4.2	0
	6.45	4.2	0
	6.46	4.2	0
	6.46	4.2	0
	6.47	4.2	0
	6.47	4.2	0
	6.48	4.2	0
	6.48	4.2	0
	6.49	4.2	0
	6.49	4.2	0
	6.5	4.2	0
	6.5	4.2	0
	6.51	4.2	0
	6.51	4.2	0
	6.52	4.2	0
	6.52	4.2	0
	6.53	4.2	0
	6.53	4.2	0
	6.54	4.2	0
	6.54	4.2	0
	6.55	4.2	0
	6.55	4.2	0
	6.56	4.2	0
	6.56	4.2	0
	6.57	4.2	0
	6.57	4.2	0
	6.58	4.2	0
	6.58	4.2	0
	6.59	4.2	0
	6.59	4.2	0
	6.6	4.2	0
	6.6	4.2	0

	6.4	4.8	0
	6.4	4.8	0
	6.41	4.8	0
	6.41	4.8	0
	6.42	4.8	0
	6.42	4.8	0
	6.43	4.8	0
	6.43	4.8	0
	6.44	4.8	0
	6.44	4.8	0
	6.45	4.8	0
	6.45	4.8	0
	6.46	4.8	0
	6.46	4.8	0
	6.47	4.8	0
	6.47	4.8	0
	6.48	4.8	0
	6.48	4.8	0
	6.49	4.8	0
	6.49	4.8	0
	6.5	4.8	0
	6.5	4.8	0
	6.51	4.8	0
	6.51	4.8	0
	6.52	4.8	0
	6.52	4.8	0
	6.53	4.8	0
	6.53	4.8	0
	6.54	4.8	0
	6.54	4.8	0
	6.55	4.8	0
	6.55	4.8	0
	6.56	4.8	0
	6.56	4.8	0
	6.57	4.8	0
	6.57	4.8	0
	6.58	4.8	0
	6.58	4.8	0
	6.59	4.8	0
	6.59	4.8	0
	6.6	4.8	0
	6.6	4.8	0


	6.4	6.2	0
	6.4	6.2	0
	6.41	6.2	0
	6.41	6.2	0
	6.42	6.2	0
	6.42	6.2	0
	6.43	6.2	0
	6.43	6.2	0
	6.44	6.2	0
	6.44	6.2	0
	6.45	6.2	0
	6.45	6.2	0
	6.46	6.2	0
	6.46	6.2	0
	6.47	6.2	0
	6.47	6.2	0
	6.48	6.2	0
	6.48	6.2	0
	6.49	6.2	0
	6.49	6.2	0
	6.5	6.2	0
	6.5	6.2	0
	6.51	6.2	0
	6.51	6.2	0
	6.52	6.2	0
	6.52	6.2	0
	6.53	6.2	0
	6.53	6.2	0
	6.54	6.2	0
	6.54	6.2	0
	6.55	6.2	0
	6.55	6.2	0
	6.56	6.2	0
	6.56	6.2	0
	6.57	6.2	0
	6.57	6.2	0
	6.58	6.2	0
	6.58	6.2	0
	6.59	6.2	0
	6.59	6.2	0
	6.6	6.2	0
	6.6	6.2	0

	6.4	6.8	0
	6.4	6.8	0
	6.41	6.8	0
	6.41	6.8	0
	6.42	6.8	0
	6.42	6.8	0
	6.43	6.8	0
	6.43	6.8	0
	6.44	6.8	0
	6.44	6.8	0
	6.45	6.8	0
	6.45	6.8	0
	6.46	6.8	0
	6.46	6.8	0
	6.47	6.8	0
	6.47	6.8	0
	6.48	6.8	0
	6.48	6.8	0
	6.49	6.8	0
	6.49	6.8	0
	6.5	6.8	0
	6.5	6.8	0
	6.51	6.8	0
	6.51	6.8	0
	6.52	6.8	0
	6.52	6.8	0
	6.53	6.8	0
	6.53	6.8	0
	6.54	6.8	0
	6.54	6.8	0
	6.55	6.8	0
	6.55	6.8	0
	6.56	6.8	0
	6.56	6.8	0
	6.57	6.8	0
	6.57	6.8	0
	6.58	6.8	0
	6.58	6.8	0
	6.59	6.8	0
	6.59	6.8	0
	6.6	6.8	0
	6.6	6.8	0


	6.4	8.2	0
	6.4	8.2	0
	6.41	8.2	0
	6.41	8.2	0
	6.42	8.2	0
	6.42	8.2	0
	6.43	8.2	0
	6.43	8.2	0
	6.44	8.2	0
	6.44	8.2	0
	6.45	8.2	0
	6.45	8.2	0
	6.46	8.2	0
	6.46	8.2	0
	6.47	8.2	0
	6.47	8.2	0
	6.48	8.2	0
	6.48	8.2	0
	6.49	8.2	0
	6.49	8.2	0
	6.5	8.2	0
	6.5	8.2	0
	6.51	8.2	0
	6.51	8.2	0
	6.52	8.2	0
	6.52	8.2	0
	6.53	8.2	0
	6.53	8.2	0
	6.54	8.2	0
	6.54	8.2	0
	6.55	8.2	0
	6.55	8.2	0
	6.56	8.2	0
	6.56	8.2	0
	6.57	8.2	0
	6.57	8.2	0
	6.58	8.2	0
	6.58	8.2	0
	6.59	8.2	0
	6.59	8.2	0
	6.6	8.2	0
	6.6	8.2	0

	6.4	8.8	0
	6.4	8.8	0
	6.41	8.8	0
	6.41	8.8	0
	6.42	8.8	0
	6.42	8.8	0
	6.43	8.8	0
	6.43	8.8	0
	6.44	8.8	0
	6.44	8.8	0
	6.45	8.8	0
	6.45	8.8	0
	6.46	8.8	0
	6.46	8.8	0
	6.47	8.8	0
	6.47	8.8	0
	6.48	8.8	0
	6.48	8.8	0
	6.49	8.8	0
	6.49	8.8	0
	6.5	8.8	0
	6.5	8.8	0
	6.51	8.8	0
	6.51	8.8	0
	6.52	8.8	0
	6.52	8.8	0
	6.53	8.8	0
	6.53	8.8	0
	6.54	8.8	0
	6.54	8.8	0
	6.55	8.8	0
	6.55	8.8	0
	6.56	8.8	0
	6.56	8.8	0
	6.57	8.8	0
	6.57	8.8	0
	6.58	8.8	0
	6.58	8.8	0
	6.59	8.8	0
	6.59	8.8	0
	6.6	8.8	0
	6.6	8.8	0


	6.4	10.2	0
	6.4	10.2	0
	6.41	10.2	0
	6.41	10.2	0
	6.42	10.2	0
	6.42	10.2	0
	6.43	10.2	0
	6.43	10.2	0
	6.44	10.2	0
	6.44	10.2	0
	6.45	10.2	0
	6.45	10.2	0
	6.46	10.2	0
	6.46	10.2	0
	6.47	10.2	0
	6.47	10.2	0
	6.48	10.2	0
	6.48	10.2	0
	6.49	10.2	0
	6.49	10.2	0
	6.5	10.2	0
	6.5	10.2	0
	6.51	10.2	0
	6.51	10.2	0
	6.52	10.2	0
	6.52	10.2	0
	6.53	10.2	0
	6.53	10.2	0
	6.54	10.2	0
	6.54	10.2	0
	6.55	10.2	0
	6.55	10.2	0
	6.56	10.2	0
	6.56	10.2	0
	6.57	10.2	0
	6.57	10.2	0
	6.58	10.2	0
	6.58	10.2	0
	6.59	10.2	0
	6.59	10.2	0
	6.6	10.2	0
	6.6	10.2	0

	6.4	10.8	0
	6.4	10.8	0
	6.41	10.8	0
	6.41	10.8	0
	6.42	10.8	0
	6.42	10.8	0
	6.43	10.8	0
	6.43	10.8	0
	6.44	10.8	0
	6.44	10.8	0
	6.45	10.8	0
	6.45	10.8	0
	6.46	10.8	0
	6.46	10.8	0
	6.47	10.8	0
	6.47	10.8	0
	6.48	10.8	0
	6.48	10.8	0
	6.49	10.8	0
	6.49	10.8	0
	6.5	10.8	0
	6.5	10.8	0
	6.51	10.8	0
	6.51	10.8	0
	6.52	10.8	0
	6.52	10.8	0
	6.53	10.8	0
	6.53	10.8	0
	6.54	10.8	0
	6.54	10.8	0
	6.55	10.8	0
	6.55	10.8	0
	6.56	10.8	0
	6.56	10.8	0
	6.57	10.8	0
	6.57	10.8	0
	6.58	10.8	0
	6.58	10.8	0
	6.59	10.8	0
	6.59	10.8	0
	6.6	10.8	0
	6.6	10.8	0


	6.4	12.2	0
	6.4	12.2	0
	6.41	12.2	0
	6.41	12.2	0
	6.42	12.2	0
	6.42	12.2	0
	6.43	12.2	0
	6.43	12.2	0
	6.44	12.2	0
	6.44	12.2	0
	6.45	12.2	0
	6.45	12.2	0
	6.46	12.2	0
	6.46	12.2	0
	6.47	12.2	0
	6.47	12.2	0
	6.48	12.2	0
	6.48	12.2	0
	6.49	12.2	0
	6.49	12.2	0
	6.5	12.2	0
	6.5	12.2	0
	6.51	12.2	0
	6.51	12.2	0
	6.52	12.2	0
	6.52	12.2	0
	6.53	12.2	0
	6.53	12.2	0
	6.54	12.2	0
	6.54	12.2	0
	6.55	12.2	0
	6.55	12.2	0
	6.56	12.2	0
	6.56	12.2	0
	6.57	12.2	0
	6.57	12.2	0
	6.58	12.2	0
	6.58	12.2	0
	6.59	12.2	0
	6.59	12.2	0
	6.6	12.2	0
	6.6	12.2	0

	6.4	12.8	0
	6.4	12.8	0
	6.41	12.8	0
	6.41	12.8	0
	6.42	12.8	0
	6.42	12.8	0
	6.43	12.8	0
	6.43	12.8	0
	6.44	12.8	0
	6.44	12.8	0
	6.45	12.8	0
	6.45	12.8	0
	6.46	12.8	0
	6.46	12.8	0
	6.47	12.8	0
	6.47	12.8	0
	6.48	12.8	0
	6.48	12.8	0
	6.49	12.8	0
	6.49	12.8	0
	6.5	12.8	0
	6.5	12.8	0
	6.51	12.8	0
	6.51	12.8	0
	6.52	12.8	0
	6.52	12.8	0
	6.53	12.8	0
	6.53	12.8	0
	6.54	12.8	0
	6.54	12.8	0
	6.55	12.8	0
	6.55	12.8	0
	6.56	12.8	0
	6.56	12.8	0
	6.57	12.8	0
	6.57	12.8	0
	6.58	12.8	0
	6.58	12.8	0
	6.59	12.8	0
	6.59	12.8	0
	6.6	12.8	0
	6.6	12.8	0


	6.4	14.2	0
	6.4	14.2	0
	6.41	14.2	0
	6.41	14.2	0
	6.42	14.2	0
	6.42	14.2	0
	6.43	14.2	0
	6.43	14.2	0
	6.44	14.2	0
	6.44	14.2	0
	6.45	14.2	0
	6.45	14.2	0
	6.46	14.2	0
	6.46	14.2	0
	6.47	14.2	0
	6.47	14.2	0
	6.48	14.2	0
	6.48	14.2	0
	6.49	14.2	0
	6.49	14.2	0
	6.5	14.2	0
	6.5	14.2	0
	6.51	14.2	0
	6.51	14.2	0
	6.52	14.2	0
	6.52	14.2	0
	6.53	14.2	0
	6.53	14.2	0
	6.54	14.2	0
	6.54	14.2	0
	6.55	14.2	0
	6.55	14.2	0
	6.56	14.2	0
	6.56	14.2	0
	6.57	14.2	0
	6.57	14.2	0
	6.58	14.2	0
	6.58	14.2	0
	6.59	14.2	0
	6.59	14.2	0
	6.6	14.2	0
	6.6	14.2	0

	6.4	14.8	0
	6.4	14.8	0
	6.41	14.8	0
	6.41	14.8	0
	6.42	14.8	0
	6.42	14.8	0
	6.43	14.8	0
	6.43	14.8	0
	6.44	14.8	0
	6.44	14.8	0
	6.45	14.8	0
	6.45	14.8	0
	6.46	14.8	0
	6.46	14.8	0
	6.47	14.8	0
	6.47	14.8	0
	6.48	14.8	0
	6.48	14.8	0
	6.49	14.8	0
	6.49	14.8	0
	6.5	14.8	0
	6.5	14.8	0
	6.51	14.8	0
	6.51	14.8	0
	6.52	14.8	0
	6.52	14.8	0
	6.53	14.8	0
	6.53	14.8	0
	6.54	14.8	0
	6.54	14.8	0
	6.55	14.8	0
	6.55	14.8	0
	6.56	14.8	0
	6.56	14.8	0
	6.57	14.8	0
	6.57	14.8	0
	6.58	14.8	0
	6.58	14.8	0
	6.59	14.8	0
	6.59	14.8	0
	6.6	14.8	0
	6.6	14.8	0


	7.4	0.2	0
	7.4	0.2	0.00648109
	7.41	0.2	0
	7.41	0.2	0.00648109
	7.42	0.2	0
	7.42	0.2	0.00648109
	7.43	0.2	0
	7.43	0.2	0.00648109
	7.44	0.2	0
	7.44	0.2	0.00648109
	7.45	0.2	0
	7.45	0.2	0.00648109
	7.46	0.2	0
	7.46	0.2	0.00648109
	7.47	0.2	0
	7.47	0.2	0.00648109
	7.48	0.2	0
	7.48	0.2	0.00648109
	7.49	0.2	0
	7.49	0.2	0.00648109
	7.5	0.2	0
	7.5	0.2	0.00648109
	7.51	0.2	0
	7.51	0.2	0.00648109
	7.52	0.2	0
	7.52	0.2	0.00648109
	7.53	0.2	0
	7.53	0.2	0.00648109
	7.54	0.2	0
	7.54	0.2	0.00648109
	7.55	0.2	0
	7.55	0.2	0.00648109
	7.56	0.2	0
	7.56	0.2	0.00648109
	7.57	0.2	0
	7.57	0.2	0.00648109
	7.58	0.2	0
	7.58	0.2	0.00648109
	7.59	0.2	0
	7.59	0.2	0.00648109
	7.6	0.2	0
	7.6	0.2	0.00648109

	7.4	0.8	0
	7.4	0.8	0.00648109
	7.41	0.8	0
	7.41	0.8	0.00648109
	7.42	0.8	0
	7.42	0.8	0.00648109
	7.43	0.8	0
	7.43	0.8	0.00648109
	7.44	0.8	0
	7.44	0.8	0.00648109
	7.45	0.8	0
	7.45	0.8	0.00648109
	7.46	0.8	0
	7.46	0.8	0.00648109
	7.47	0.8	0
	7.47	0.8	0.00648109
	7.48	0.8	0
	7.48	0.8	0.00648109
	7.49	0.8	0
	7.49	0.8	0.00648109
	7.5	0.8	0
	7.5	0.8	0.00648109
	7.51	0.8	0
	7.51	0.8	0.00648109
	7.52	0.8	0
	7.52	0.8	0.00648109
	7.53	0.8	0
	7.53	0.8	0.00648109
	7.54	0.8	0
	7.54	0.8	0.00648109
	7.55	0.8	0
	7.55	0.8	0.00648109
	7.56	0.8	0
	7.56	0.8	0.00648109
	7.57	0.8	0
	7.57	0.8	0.00648109
	7.58	0.8	0
	7.58	0.8	0.00648109
	7.59	0.8	0
	7.59	0.8	0.00648109
	7.6	0.8	0
	7.6	0.8	0.00648109


	7.4	2.2	0
	7.4	2.2	0.00648109
	7.41	2.2	0
	7.41	2.2	0.00648109
	7.42	2.2	0
	7.42	2.2	0.00648109
	7.43	2.2	0
	7.43	2.2	0.00648109
	7.44	2.2	0
	7.44	2.2	0.00648109
	7.45	2.2	0
	7.45	2.2	0.00648109
	7.46	2.2	0
	7.46	2.2	0.00648109
	7.47	2.2	0
	7.47	2.2	0.00648109
	7.48	2.2	0
	7.48	2.2	0.00648109
	7.49	2.2	0
	7.49	2.2	0.00648109
	7.5	2.2	0
	7.5	2.2	0.00648109
	7.51	2.2	0
	7.51	2.2	0.00648109
	7.52	2.2	0
	7.52	2.2	0.00648109
	7.53	2.2	0
	7.53	2.2	0.00648109
	7.54	2.2	0
	7.54	2.2	0.00648109
	7.55	2.2	0
	7.55	2.2	0.00648109
	7.56	2.2	0
	7.56	2.2	0.00648109
	7.57	2.2	0
	7.57	2.2	0.00648109
	7.58	2.2	0
	7.58	2.2	0.00648109
	7.59	2.2	0
	7.59	2.2	0.00648109
	7.6	2.2	0
	7.6	2.2	0.00648109

	7.4	2.8	0
	7.4	2.8	0.00648109
	7.41	2.8	0
	7.41	2.8	0.00648109
	7.42	2.8	0
	7.42	2.8	0.00648109
	7.43	2.8	0
	7.43	2.8	0.00648109
	7.44	2.8	0
	7.44	2.8	0.00648109
	7.45	2.8	0
	7.45	2.8	0.00648109
	7.46	2.8	0
	7.46	2.8	0.00648109
	7.47	2.8	0
	7.47	2.8	0.00648109
	7.48	2.8	0
	7.48	2.8	0.00648109
	7.49	2.8	0
	7.49	2.8	0.00648109
	7.5	2.8	0
	7.5	2.8	0.00648109
	7.51	2.8	0
	7.51	2.8	0.00648109
	7.52	2.8	0
	7.52	2.8	0.00648109
	7.53	2.8	0
	7.53	2.8	0.00648109
	7.54	2.8	0
	7.54	2.8	0.00648109
	7.55	2.8	0
	7.55	2.8	0.00648109
	7.56	2.8	0
	7.56	2.8	0.00648109
	7.57	2.8	0
	7.57	2.8	0.00648109
	7.58	2.8	0
	7.58	2.8	0.00648109
	7.59	2.8	0
	7.59	2.8	0.00648109
	7.6	2.8	0
	7.6	2.8	0.00648109


	7.4	4.2	0
	7.4	4.2	0
	7.41	4.2	0
	7.41	4.2	0
	7.42	4.2	0
	7.42	4.2	0
	7.43	4.2	0
	7.43	4.2	0
	7.44	4.2	0
	7.44	4.2	0
	7.45	4.2	0
	7.45	4.2	0
	7.46	4.2	0
	7.46	4.2	0
	7.47	4.2	0
	7.47	4.2	0
	7.48	4.2	0
	7.48	4.2	0
	7.49	4.2	0
	7.49	4.2	0
	7.5	4.2	0
	7.5	4.2	0
	7.51	4.2	0
	7.51	4.2	0
	7.52	4.2	0
	7.52	4.2	0
	7.53	4.2	0
	7.53	4.2	0
	7.54	4.2	0
	7.54	4.2	0
	7.55	4.2	0
	7.55	4.2	0
	7.56	4.2	0
	7.56	4.2	0
	7.57	4.2	0
	7.57	4.2	0
	7.58	4.2	0
	7.58	4.2	0
	7.59	4.2	0
	7.59	4.2	0
	7.6	4.2	0
	7.6	4.2	0

	7.4	4.8	0
	7.4	4.8	0
	7.41	4.8	0
	7.41	4.8	0
	7.42	4.8	0
	7.42	4.8	0
	7.43	4.8	0
	7.43	4.8	0
	7.44	4.8	0
	7.44	4.8	0
	7.45	4.8	0
	7.45	4.8	0
	7.46	4.8	0
	7.46	4.8	0
	7.47	4.8	0
	7.47	4.8	0
	7.48	4.8	0
	7.48	4.8	0
	7.49	4.8	0
	7.49	4.8	0
	7.5	4.8	0
	7.5	4.8	0
	7.51	4.8	0
	7.51	4.8	0
	7.52	4.8	0
	7.52	4.8	0
	7.53	4.8	0
	7.53	4.8	0
	7.54	4.8	0
	7.54	4.8	0
	7.55	4.8	0
	7.55	4.8	0
	7.56	4.8	0
	7.56	4.8	0
	7.57	4.8	0
	7.57	4.8	0
	7.58	4.8	0
	7.58	4.8	0
	7.59	4.8	0
	7.59	4.8	0
	7.6	4.8	0
	7.6	4.8	0


	7.4	6.2	0
	7.4	6.2	0
	7.41	6.2	0
	7.41	6.2	0
	7.42	6.2	0
	7.42	6.2	0
	7.43	6.2	0
	7.43	6.2	0
	7.44	6.2	0
	7.44	6.2	0
	7.45	6.2	0
	7.45	6.2	0
	7.46	6.2	0
	7.46	6.2	0
	7.47	6.2	0
	7.47	6.2	0
	7.48	6.2	0
	7.48	6.2	0
	7.49	6.2	0
	7.49	6.2	0
	7.5	6.2	0
	7.5	6.2	0
	7.51	6.2	0
	7.51	6.2	0
	7.52	6.2	0
	7.52	6.2	0
	7.53	6.2	0
	7.53	6.2	0
	7.54	6.2	0
	7.54	6.2	0
	7.55	6.2	0
	7.55	6.2	0
	7.56	6.2	0
	7.56	6.2	0
	7.57	6.2	0
	7.57	6.2	0
	7.58	6.2	0
	7.58	6.2	0
	7.59	6.2	0
	7.59	6.2	0
	7.6	6.2	0
	7.6	6.2	0

	7.4	6.8	0
	7.4	6.8	0
	7.41	6.8	0
	7.41	6.8	0
	7.42	6.8	0
	7.42	6.8	0
	7.43	6.8	0
	7.43	6.8	0
	7.44	6.8	0
	7.44	6.8	0
	7.45	6.8	0
	7.45	6.8	0
	7.46	6.8	0
	7.46	6.8	0
	7.47	6.8	0
	7.47	6.8	0
	7.48	6.8	0
	7.48	6.8	0
	7.49	6.8	0
	7.49	6.8	0
	7.5	6.8	0
	7.5	6.8	0
	7.51	6.8	0
	7.51	6.8	0
	7.52	6.8	0
	7.52	6.8	0
	7.53	6.8	0
	7.53	6.8	0
	7.54	6.8	0
	7.54	6.8	0
	7.55	6.8	0
	7.55	6.8	0
	7.56	6.8	0
	7.56	6.8	0
	7.57	6.8	0
	7.57	6.8	0
	7.58	6.8	0
	7.58	6.8	0
	7.59	6.8	0
	7.59	6.8	0
	7.6	6.8	0
	7.6	6.8	0


	7.4	8.2	0
	7.4	8.2	0
	7.41	8.2	0
	7.41	8.2	0
	7.42	8.2	0
	7.42	8.2	0
	7.43	8.2	0
	7.43	8.2	0
	7.44	8.2	0
	7.44	8.2	0
	7.45	8.2	0
	7.45	8.2	0
	7.46	8.2	0
	7.46	8.2	0
	7.47	8.2	0
	7.47	8.2	0
	7.48	8.2	0
	7.48	8.2	0
	7.49	8.2	0
	7.49	8.2	0
	7.5	8.2	0
	7.5	8.2	0
	7.51	8.2	0
	7.51	8.2	0
	7.52	8.2	0
	7.52	8.2	0
	7.53	8.2	0
	7.53	8.2	0
	7.54	8.2	0
	7.54	8.2	0
	7.55	8.2	0
	7.55	8.2	0
	7.56	8.2	0
	7.56	8.2	0
	7.57	8.2	0
	7.57	8.2	0
	7.58	8.2	0
	7.58	8.2	0
	7.59	8.2	0
	7.59	8.2	0
	7.6	8.2	0
	7.6	8.2	0

	7.4	8.8	0
	7.4	8.8	0
	7.41	8.8	0
	7.41	8.8	0
	7.42	8.8	0
	7.42	8.8	0
	7.43	8.8	0
	7.43	8.8	0
	7.44	8.8	0
	7.44	8.8	0
	7.45	8.8	0
	7.45	8.8	0
	7.46	8.8	0
	7.46	8.8	0
	7.47	8.8	0
	7.47	8.8	0
	7.48	8.8	0
	7.48	8.8	0
	7.49	8.8	0
	7.49	8.8	0
	7.5	8.8	0
	7.5	8.8	0
	7.51	8.8	0
	7.51	8.8	0
	7.52	8.8	0
	7.52	8.8	0
	7.53	8.8	0
	7.53	8.8	0
	7.54	8.8	0
	7.54	8.8	0
	7.55	8.8	0
	7.55	8.8	0
	7.56	8.8	0
	7.56	8.8	0
	7.57	8.8	0
	7.57	8.8	0
	7.58	8.8	0
	7.58	8.8	0
	7.59	8.8	0
	7.59	8.8	0
	7.6	8.8	0
	7.6	8.8	0


	7.4	10.2	0
	7.4	10.2	0
	7.41	10.2	0
	7.41	10.2	0
	7.42	10.2	0
	7.42	10.2	0
	7.43	10.2	0
	7.43	10.2	0
	7.44	10.2	0
	7.44	10.2	0
	7.45	10.2	0
	7.45	10.2	0
	7.46	10.2	0
	7.46	10.2	0
	7.47	10.2	0
	7.47	10.2	0
	7.48	10.2	0
	7.48	10.2	0
	7.49	10.2	0
	7.49	10.2	0
	7.5	10.2	0
	7.5	10.2	0
	7.51	10.2	0
	7.51	10.2	0
	7.52	10.2	0
	7.52	10.2	0
	7.53	10.2	0
	7.53	10.2	0
	7.54	10.2	0
	7.54	10.2	0
	7.55	10.2	0
	7.55	10.2	0
	7.56	10.2	0
	7.56	10.2	0
	7.57	10.2	0
	7.57	10.2	0
	7.58	10.2	0
	7.58	10.2	0
	7.59	10.2	0
	7.59	10.2	0
	7.6	10.2	0
	7.6	10.2	0

	7.4	10.8	0
	7.4	10.8	0
	7.41	10.8	0
	7.41	10.8	0
	7.42	10.8	0
	7.42	10.8	0
	7.43	10.8	0
	7.43	10.8	0
	7.44	10.8	0
	7.44	10.8	0
	7.45	10.8	0
	7.45	10.8	0
	7.46	10.8	0
	7.46	10.8	0
	7.47	10.8	0
	7.47	10.8	0
	7.48	10.8	0
	7.48	10.8	0
	7.49	10.8	0
	7.49	10.8	0
	7.5	10.8	0
	7.5	10.8	0
	7.51	10.8	0
	7.51	10.8	0
	7.52	10.8	0
	7.52	10.8	0
	7.53	10.8	0
	7.53	10.8	0
	7.54	10.8	0
	7.54	10.8	0
	7.55	10.8	0
	7.55	10.8	0
	7.56	10.8	0
	7.56	10.8	0
	7.57	10.8	0
	7.57	10.8	0
	7.58	10.8	0
	7.58	10.8	0
	7.59	10.8	0
	7.59	10.8	0
	7.6	10.8	0
	7.6	10.8	0


	7.4	12.2	0
	7.4	12.2	0
	7.41	12.2	0
	7.41	12.2	0
	7.42	12.2	0
	7.42	12.2	0
	7.43	12.2	0
	7.43	12.2	0
	7.44	12.2	0
	7.44	12.2	0
	7.45	12.2	0
	7.45	12.2	0
	7.46	12.2	0
	7.46	12.2	0
	7.47	12.2	0
	7.47	12.2	0
	7.48	12.2	0
	7.48	12.2	0
	7.49	12.2	0
	7.49	12.2	0
	7.5	12.2	0
	7.5	12.2	0
	7.51	12.2	0
	7.51	12.2	0
	7.52	12.2	0
	7.52	12.2	0
	7.53	12.2	0
	7.53	12.2	0
	7.54	12.2	0
	7.54	12.2	0
	7.55	12.2	0
	7.55	12.2	0
	7.56	12.2	0
	7.56	12.2	0
	7.57	12.2	0
	7.57	12.2	0
	7.58	12.2	0
	7.58	12.2	0
	7.59	12.2	0
	7.59	12.2	0
	7.6	12.2	0
	7.6	12.2	0

	7.4	12.8	0
	7.4	12.8	0
	7.41	12.8	0
	7.41	12.8	0
	7.42	12.8	0
	7.42	12.8	0
	7.43	12.8	0
	7.43	12.8	0
	7.44	12.8	0
	7.44	12.8	0
	7.45	12.8	0
	7.45	12.8	0
	7.46	12.8	0
	7.46	12.8	0
	7.47	12.8	0
	7.47	12.8	0
	7.48	12.8	0
	7.48	12.8	0
	7.49	12.8	0
	7.49	12.8	0
	7.5	12.8	0
	7.5	12.8	0
	7.51	12.8	0
	7.51	12.8	0
	7.52	12.8	0
	7.52	12.8	0
	7.53	12.8	0
	7.53	12.8	0
	7.54	12.8	0
	7.54	12.8	0
	7.55	12.8	0
	7.55	12.8	0
	7.56	12.8	0
	7.56	12.8	0
	7.57	12.8	0
	7.57	12.8	0
	7.58	12.8	0
	7.58	12.8	0
	7.59	12.8	0
	7.59	12.8	0
	7.6	12.8	0
	7.6	12.8	0


	7.4	14.2	0
	7.4	14.2	0
	7.41	14.2	0
	7.41	14.2	0
	7.42	14.2	0
	7.42	14.2	0
	7.43	14.2	0
	7.43	14.2	0
	7.44	14.2	0
	7.44	14.2	0
	7.45	14.2	0
	7.45	14.2	0
	7.46	14.2	0
	7.46	14.2	0
	7.47	14.2	0
	7.47	14.2	0
	7.48	14.2	0
	7.48	14.2	0
	7.49	14.2	0
	7.49	14.2	0
	7.5	14.2	0
	7.5	14.2	0
	7.51	14.2	0
	7.51	14.2	0
	7.52	14.2	0
	7.52	14.2	0
	7.53	14.2	0
	7.53	14.2	0
	7.54	14.2	0
	7.54	14.2	0
	7.55	14.2	0
	7.55	14.2	0
	7.56	14.2	0
	7.56	14.2	0
	7.57	14.2	0
	7.57	14.2	0
	7.58	14.2	0
	7.58	14.2	0
	7.59	14.2	0
	7.59	14.2	0
	7.6	14.2	0
	7.6	14.2	0

	7.4	14.8	0
	7.4	14.8	0
	7.41	14.8	0
	7.41	14.8	0
	7.42	14.8	0
	7.42	14.8	0
	7.43	14.8	0
	7.43	14.8	0
	7.44	14.8	0
	7.44	14.8	0
	7.45	14.8	0
	7.45	14.8	0
	7.46	14.8	0
	7.46	14.8	0
	7.47	14.8	0
	7.47	14.8	0
	7.48	14.8	0
	7.48	14.8	0
	7.49	14.8	0
	7.49	14.8	0
	7.5	14.8	0
	7.5	14.8	0
	7.51	14.8	0
	7.51	14.8	0
	7.52	14.8	0
	7.52	14.8	0
	7.53	14.8	0
	7.53	14.8	0
	7.54	14.8	0
	7.54	14.8	0
	7.55	14.8	0
	7.55	14.8	0
	7.56	14.8	0
	7.56	14.8	0
	7.57	14.8	0
	7.57	14.8	0
	7.58	14.8	0
	7.58	14.8	0
	7.59	14.8	0
	7.59	14.8	0
	7.6	14.8	0
	7.6	14.8	0


