	0.2	0.1	0
	0.2	0.1	307.718
	0.2	0.3	307.718
	0.2	0.3	0
	0.2	0.7	0
	0.2	0.7	0
	0.2	0.9	0
	0.2	0.9	0

	0.8	0.1	0
	0.8	0.1	307.718
	0.8	0.3	307.718
	0.8	0.3	0
	0.8	0.7	0
	0.8	0.7	0
	0.8	0.9	0
	0.8	0.9	0


	1.2	0.1	0
	1.2	0.1	226.883
	1.2	0.3	226.883
	1.2	0.3	0
	1.2	0.7	0
	1.2	0.7	0
	1.2	0.9	0
	1.2	0.9	0

	1.8	0.1	0
	1.8	0.1	226.883
	1.8	0.3	226.883
	1.8	0.3	0
	1.8	0.7	0
	1.8	0.7	0
	1.8	0.9	0
	1.8	0.9	0


	2.2	0.1	0
	2.2	0.1	59.7108
	2.2	0.3	59.7108
	2.2	0.3	0
	2.2	0.7	0
	2.2	0.7	0
	2.2	0.9	0
	2.2	0.9	0

	2.8	0.1	0
	2.8	0.1	59.7108
	2.8	0.3	59.7108
	2.8	0.3	0
	2.8	0.7	0
	2.8	0.7	0
	2.8	0.9	0
	2.8	0.9	0


	3.2	0.1	0
	3.2	0.1	13.8483
	3.2	0.3	13.8483
	3.2	0.3	0
	3.2	0.7	0
	3.2	0.7	0
	3.2	0.9	0
	3.2	0.9	0

	3.8	0.1	0
	3.8	0.1	13.8483
	3.8	0.3	13.8483
	3.8	0.3	0
	3.8	0.7	0
	3.8	0.7	0
	3.8	0.9	0
	3.8	0.9	0


	4.2	0.1	0
	4.2	0.1	0
	4.2	0.3	0
	4.2	0.3	0
	4.2	0.7	0
	4.2	0.7	0
	4.2	0.9	0
	4.2	0.9	0

	4.8	0.1	0
	4.8	0.1	0
	4.8	0.3	0
	4.8	0.3	0
	4.8	0.7	0
	4.8	0.7	0
	4.8	0.9	0
	4.8	0.9	0


	5.2	0.1	0
	5.2	0.1	0
	5.2	0.3	0
	5.2	0.3	0
	5.2	0.7	0
	5.2	0.7	0
	5.2	0.9	0
	5.2	0.9	0

	5.8	0.1	0
	5.8	0.1	0
	5.8	0.3	0
	5.8	0.3	0
	5.8	0.7	0
	5.8	0.7	0
	5.8	0.9	0
	5.8	0.9	0


	6.2	0.1	0
	6.2	0.1	0
	6.2	0.3	0
	6.2	0.3	0
	6.2	0.7	0
	6.2	0.7	0
	6.2	0.9	0
	6.2	0.9	0

	6.8	0.1	0
	6.8	0.1	0
	6.8	0.3	0
	6.8	0.3	0
	6.8	0.7	0
	6.8	0.7	0
	6.8	0.9	0
	6.8	0.9	0


	0.2	2.1	0
	0.2	2.1	15.7931
	0.2	2.3	15.7931
	0.2	2.3	0
	0.2	2.7	0
	0.2	2.7	0
	0.2	2.9	0
	0.2	2.9	0

	0.8	2.1	0
	0.8	2.1	15.7931
	0.8	2.3	15.7931
	0.8	2.3	0
	0.8	2.7	0
	0.8	2.7	0
	0.8	2.9	0
	0.8	2.9	0


	1.2	2.1	0
	1.2	2.1	1586.67
	1.2	2.3	1586.67
	1.2	2.3	0
	1.2	2.7	0
	1.2	2.7	0
	1.2	2.9	0
	1.2	2.9	0

	1.8	2.1	0
	1.8	2.1	1586.67
	1.8	2.3	1586.67
	1.8	2.3	0
	1.8	2.7	0
	1.8	2.7	0
	1.8	2.9	0
	1.8	2.9	0


	2.2	2.1	0
	2.2	2.1	601.097
	2.2	2.3	601.097
	2.2	2.3	0
	2.2	2.7	0
	2.2	2.7	0
	2.2	2.9	0
	2.2	2.9	0

	2.8	2.1	0
	2.8	2.1	601.097
	2.8	2.3	601.097
	2.8	2.3	0
	2.8	2.7	0
	2.8	2.7	0
	2.8	2.9	0
	2.8	2.9	0


	3.2	2.1	0
	3.2	2.1	272.371
	3.2	2.3	272.371
	3.2	2.3	0
	3.2	2.7	0
	3.2	2.7	0
	3.2	2.9	0
	3.2	2.9	0

	3.8	2.1	0
	3.8	2.1	272.371
	3.8	2.3	272.371
	3.8	2.3	0
	3.8	2.7	0
	3.8	2.7	0
	3.8	2.9	0
	3.8	2.9	0


	4.2	2.1	0
	4.2	2.1	0
	4.2	2.3	0
	4.2	2.3	0
	4.2	2.7	0
	4.2	2.7	0
	4.2	2.9	0
	4.2	2.9	0

	4.8	2.1	0
	4.8	2.1	0
	4.8	2.3	0
	4.8	2.3	0
	4.8	2.7	0
	4.8	2.7	0
	4.8	2.9	0
	4.8	2.9	0


	5.2	2.1	0
	5.2	2.1	0
	5.2	2.3	0
	5.2	2.3	0
	5.2	2.7	0
	5.2	2.7	0
	5.2	2.9	0
	5.2	2.9	0

	5.8	2.1	0
	5.8	2.1	0
	5.8	2.3	0
	5.8	2.3	0
	5.8	2.7	0
	5.8	2.7	0
	5.8	2.9	0
	5.8	2.9	0


	6.2	2.1	0
	6.2	2.1	0
	6.2	2.3	0
	6.2	2.3	0
	6.2	2.7	0
	6.2	2.7	0
	6.2	2.9	0
	6.2	2.9	0

	6.8	2.1	0
	6.8	2.1	0
	6.8	2.3	0
	6.8	2.3	0
	6.8	2.7	0
	6.8	2.7	0
	6.8	2.9	0
	6.8	2.9	0


	0.2	4.1	0
	0.2	4.1	0
	0.2	4.3	0
	0.2	4.3	0
	0.2	4.7	0
	0.2	4.7	0
	0.2	4.9	0
	0.2	4.9	0

	0.8	4.1	0
	0.8	4.1	0
	0.8	4.3	0
	0.8	4.3	0
	0.8	4.7	0
	0.8	4.7	0
	0.8	4.9	0
	0.8	4.9	0


	1.2	4.1	0
	1.2	4.1	0
	1.2	4.3	0
	1.2	4.3	0
	1.2	4.7	0
	1.2	4.7	0
	1.2	4.9	0
	1.2	4.9	0

	1.8	4.1	0
	1.8	4.1	0
	1.8	4.3	0
	1.8	4.3	0
	1.8	4.7	0
	1.8	4.7	0
	1.8	4.9	0
	1.8	4.9	0


	2.2	4.1	0
	2.2	4.1	16.3333
	2.2	4.3	16.3333
	2.2	4.3	0
	2.2	4.7	0
	2.2	4.7	0
	2.2	4.9	0
	2.2	4.9	0

	2.8	4.1	0
	2.8	4.1	16.3333
	2.8	4.3	16.3333
	2.8	4.3	0
	2.8	4.7	0
	2.8	4.7	0
	2.8	4.9	0
	2.8	4.9	0


	3.2	4.1	0
	3.2	4.1	139.932
	3.2	4.3	139.932
	3.2	4.3	0
	3.2	4.7	0
	3.2	4.7	0
	3.2	4.9	0
	3.2	4.9	0

	3.8	4.1	0
	3.8	4.1	139.932
	3.8	4.3	139.932
	3.8	4.3	0
	3.8	4.7	0
	3.8	4.7	0
	3.8	4.9	0
	3.8	4.9	0


	4.2	4.1	0
	4.2	4.1	0
	4.2	4.3	0
	4.2	4.3	0
	4.2	4.7	0
	4.2	4.7	0
	4.2	4.9	0
	4.2	4.9	0

	4.8	4.1	0
	4.8	4.1	0
	4.8	4.3	0
	4.8	4.3	0
	4.8	4.7	0
	4.8	4.7	0
	4.8	4.9	0
	4.8	4.9	0


	5.2	4.1	0
	5.2	4.1	0
	5.2	4.3	0
	5.2	4.3	0
	5.2	4.7	0
	5.2	4.7	0
	5.2	4.9	0
	5.2	4.9	0

	5.8	4.1	0
	5.8	4.1	0
	5.8	4.3	0
	5.8	4.3	0
	5.8	4.7	0
	5.8	4.7	0
	5.8	4.9	0
	5.8	4.9	0


	6.2	4.1	0
	6.2	4.1	0
	6.2	4.3	0
	6.2	4.3	0
	6.2	4.7	0
	6.2	4.7	0
	6.2	4.9	0
	6.2	4.9	0

	6.8	4.1	0
	6.8	4.1	0
	6.8	4.3	0
	6.8	4.3	0
	6.8	4.7	0
	6.8	4.7	0
	6.8	4.9	0
	6.8	4.9	0


	0.2	6.1	0
	0.2	6.1	0
	0.2	6.3	0
	0.2	6.3	0
	0.2	6.7	0
	0.2	6.7	0
	0.2	6.9	0
	0.2	6.9	0

	0.8	6.1	0
	0.8	6.1	0
	0.8	6.3	0
	0.8	6.3	0
	0.8	6.7	0
	0.8	6.7	0
	0.8	6.9	0
	0.8	6.9	0


	1.2	6.1	0
	1.2	6.1	0
	1.2	6.3	0
	1.2	6.3	0
	1.2	6.7	0
	1.2	6.7	0
	1.2	6.9	0
	1.2	6.9	0

	1.8	6.1	0
	1.8	6.1	0
	1.8	6.3	0
	1.8	6.3	0
	1.8	6.7	0
	1.8	6.7	0
	1.8	6.9	0
	1.8	6.9	0


	2.2	6.1	0
	2.2	6.1	49.8713
	2.2	6.3	49.8713
	2.2	6.3	0
	2.2	6.7	0
	2.2	6.7	15.1957
	2.2	6.9	15.1957
	2.2	6.9	0

	2.8	6.1	0
	2.8	6.1	49.8713
	2.8	6.3	49.8713
	2.8	6.3	0
	2.8	6.7	0
	2.8	6.7	15.1957
	2.8	6.9	15.1957
	2.8	6.9	0


	3.2	6.1	0
	3.2	6.1	56.1322
	3.2	6.3	56.1322
	3.2	6.3	0
	3.2	6.7	0
	3.2	6.7	21.8261
	3.2	6.9	21.8261
	3.2	6.9	0

	3.8	6.1	0
	3.8	6.1	56.1322
	3.8	6.3	56.1322
	3.8	6.3	0
	3.8	6.7	0
	3.8	6.7	21.8261
	3.8	6.9	21.8261
	3.8	6.9	0


	4.2	6.1	0
	4.2	6.1	53.7126
	4.2	6.3	53.7126
	4.2	6.3	0
	4.2	6.7	0
	4.2	6.7	15.2
	4.2	6.9	15.2
	4.2	6.9	0

	4.8	6.1	0
	4.8	6.1	53.7126
	4.8	6.3	53.7126
	4.8	6.3	0
	4.8	6.7	0
	4.8	6.7	15.2
	4.8	6.9	15.2
	4.8	6.9	0


	5.2	6.1	0
	5.2	6.1	0
	5.2	6.3	0
	5.2	6.3	0
	5.2	6.7	0
	5.2	6.7	15.5167
	5.2	6.9	15.5167
	5.2	6.9	0

	5.8	6.1	0
	5.8	6.1	0
	5.8	6.3	0
	5.8	6.3	0
	5.8	6.7	0
	5.8	6.7	15.5167
	5.8	6.9	15.5167
	5.8	6.9	0


	6.2	6.1	0
	6.2	6.1	0
	6.2	6.3	0
	6.2	6.3	0
	6.2	6.7	0
	6.2	6.7	0
	6.2	6.9	0
	6.2	6.9	0

	6.8	6.1	0
	6.8	6.1	0
	6.8	6.3	0
	6.8	6.3	0
	6.8	6.7	0
	6.8	6.7	0
	6.8	6.9	0
	6.8	6.9	0


	0.2	8.1	0
	0.2	8.1	51.2979
	0.2	8.3	51.2979
	0.2	8.3	0
	0.2	8.7	0
	0.2	8.7	0
	0.2	8.9	0
	0.2	8.9	0

	0.8	8.1	0
	0.8	8.1	51.2979
	0.8	8.3	51.2979
	0.8	8.3	0
	0.8	8.7	0
	0.8	8.7	0
	0.8	8.9	0
	0.8	8.9	0


	1.2	8.1	0
	1.2	8.1	59.0519
	1.2	8.3	59.0519
	1.2	8.3	0
	1.2	8.7	0
	1.2	8.7	0
	1.2	8.9	0
	1.2	8.9	0

	1.8	8.1	0
	1.8	8.1	59.0519
	1.8	8.3	59.0519
	1.8	8.3	0
	1.8	8.7	0
	1.8	8.7	0
	1.8	8.9	0
	1.8	8.9	0


	2.2	8.1	0
	2.2	8.1	16
	2.2	8.3	16
	2.2	8.3	0
	2.2	8.7	0
	2.2	8.7	65.2808
	2.2	8.9	65.2808
	2.2	8.9	0

	2.8	8.1	0
	2.8	8.1	16
	2.8	8.3	16
	2.8	8.3	0
	2.8	8.7	0
	2.8	8.7	65.2808
	2.8	8.9	65.2808
	2.8	8.9	0


	3.2	8.1	0
	3.2	8.1	16
	3.2	8.3	16
	3.2	8.3	0
	3.2	8.7	0
	3.2	8.7	29.3842
	3.2	8.9	29.3842
	3.2	8.9	0

	3.8	8.1	0
	3.8	8.1	16
	3.8	8.3	16
	3.8	8.3	0
	3.8	8.7	0
	3.8	8.7	29.3842
	3.8	8.9	29.3842
	3.8	8.9	0


	4.2	8.1	0
	4.2	8.1	0
	4.2	8.3	0
	4.2	8.3	0
	4.2	8.7	0
	4.2	8.7	42.0177
	4.2	8.9	42.0177
	4.2	8.9	0

	4.8	8.1	0
	4.8	8.1	0
	4.8	8.3	0
	4.8	8.3	0
	4.8	8.7	0
	4.8	8.7	42.0177
	4.8	8.9	42.0177
	4.8	8.9	0


	5.2	8.1	0
	5.2	8.1	0
	5.2	8.3	0
	5.2	8.3	0
	5.2	8.7	0
	5.2	8.7	14.7632
	5.2	8.9	14.7632
	5.2	8.9	0

	5.8	8.1	0
	5.8	8.1	0
	5.8	8.3	0
	5.8	8.3	0
	5.8	8.7	0
	5.8	8.7	14.7632
	5.8	8.9	14.7632
	5.8	8.9	0


	6.2	8.1	0
	6.2	8.1	0
	6.2	8.3	0
	6.2	8.3	0
	6.2	8.7	0
	6.2	8.7	0
	6.2	8.9	0
	6.2	8.9	0

	6.8	8.1	0
	6.8	8.1	0
	6.8	8.3	0
	6.8	8.3	0
	6.8	8.7	0
	6.8	8.7	0
	6.8	8.9	0
	6.8	8.9	0


	0.2	10.1	0
	0.2	10.1	37.4959
	0.2	10.3	37.4959
	0.2	10.3	0
	0.2	10.7	0
	0.2	10.7	0
	0.2	10.9	0
	0.2	10.9	0

	0.8	10.1	0
	0.8	10.1	37.4959
	0.8	10.3	37.4959
	0.8	10.3	0
	0.8	10.7	0
	0.8	10.7	0
	0.8	10.9	0
	0.8	10.9	0


	1.2	10.1	0
	1.2	10.1	17.171
	1.2	10.3	17.171
	1.2	10.3	0
	1.2	10.7	0
	1.2	10.7	0
	1.2	10.9	0
	1.2	10.9	0

	1.8	10.1	0
	1.8	10.1	17.171
	1.8	10.3	17.171
	1.8	10.3	0
	1.8	10.7	0
	1.8	10.7	0
	1.8	10.9	0
	1.8	10.9	0


	2.2	10.1	0
	2.2	10.1	0
	2.2	10.3	0
	2.2	10.3	0
	2.2	10.7	0
	2.2	10.7	0
	2.2	10.9	0
	2.2	10.9	0

	2.8	10.1	0
	2.8	10.1	0
	2.8	10.3	0
	2.8	10.3	0
	2.8	10.7	0
	2.8	10.7	0
	2.8	10.9	0
	2.8	10.9	0


	3.2	10.1	0
	3.2	10.1	0
	3.2	10.3	0
	3.2	10.3	0
	3.2	10.7	0
	3.2	10.7	0
	3.2	10.9	0
	3.2	10.9	0

	3.8	10.1	0
	3.8	10.1	0
	3.8	10.3	0
	3.8	10.3	0
	3.8	10.7	0
	3.8	10.7	0
	3.8	10.9	0
	3.8	10.9	0


	4.2	10.1	0
	4.2	10.1	0
	4.2	10.3	0
	4.2	10.3	0
	4.2	10.7	0
	4.2	10.7	17.36
	4.2	10.9	17.36
	4.2	10.9	0

	4.8	10.1	0
	4.8	10.1	0
	4.8	10.3	0
	4.8	10.3	0
	4.8	10.7	0
	4.8	10.7	17.36
	4.8	10.9	17.36
	4.8	10.9	0


	5.2	10.1	0
	5.2	10.1	0
	5.2	10.3	0
	5.2	10.3	0
	5.2	10.7	0
	5.2	10.7	14.84
	5.2	10.9	14.84
	5.2	10.9	0

	5.8	10.1	0
	5.8	10.1	0
	5.8	10.3	0
	5.8	10.3	0
	5.8	10.7	0
	5.8	10.7	14.84
	5.8	10.9	14.84
	5.8	10.9	0


	6.2	10.1	0
	6.2	10.1	0
	6.2	10.3	0
	6.2	10.3	0
	6.2	10.7	0
	6.2	10.7	0
	6.2	10.9	0
	6.2	10.9	0

	6.8	10.1	0
	6.8	10.1	0
	6.8	10.3	0
	6.8	10.3	0
	6.8	10.7	0
	6.8	10.7	0
	6.8	10.9	0
	6.8	10.9	0


	0.2	12.1	0
	0.2	12.1	0
	0.2	12.3	0
	0.2	12.3	0
	0.2	12.7	0
	0.2	12.7	0
	0.2	12.9	0
	0.2	12.9	0

	0.8	12.1	0
	0.8	12.1	0
	0.8	12.3	0
	0.8	12.3	0
	0.8	12.7	0
	0.8	12.7	0
	0.8	12.9	0
	0.8	12.9	0


	1.2	12.1	0
	1.2	12.1	0
	1.2	12.3	0
	1.2	12.3	0
	1.2	12.7	0
	1.2	12.7	0
	1.2	12.9	0
	1.2	12.9	0

	1.8	12.1	0
	1.8	12.1	0
	1.8	12.3	0
	1.8	12.3	0
	1.8	12.7	0
	1.8	12.7	0
	1.8	12.9	0
	1.8	12.9	0


	2.2	12.1	0
	2.2	12.1	0
	2.2	12.3	0
	2.2	12.3	0
	2.2	12.7	0
	2.2	12.7	0
	2.2	12.9	0
	2.2	12.9	0

	2.8	12.1	0
	2.8	12.1	0
	2.8	12.3	0
	2.8	12.3	0
	2.8	12.7	0
	2.8	12.7	0
	2.8	12.9	0
	2.8	12.9	0


	3.2	12.1	0
	3.2	12.1	0
	3.2	12.3	0
	3.2	12.3	0
	3.2	12.7	0
	3.2	12.7	0
	3.2	12.9	0
	3.2	12.9	0

	3.8	12.1	0
	3.8	12.1	0
	3.8	12.3	0
	3.8	12.3	0
	3.8	12.7	0
	3.8	12.7	0
	3.8	12.9	0
	3.8	12.9	0


	4.2	12.1	0
	4.2	12.1	0
	4.2	12.3	0
	4.2	12.3	0
	4.2	12.7	0
	4.2	12.7	16.9231
	4.2	12.9	16.9231
	4.2	12.9	0

	4.8	12.1	0
	4.8	12.1	0
	4.8	12.3	0
	4.8	12.3	0
	4.8	12.7	0
	4.8	12.7	16.9231
	4.8	12.9	16.9231
	4.8	12.9	0


	5.2	12.1	0
	5.2	12.1	0
	5.2	12.3	0
	5.2	12.3	0
	5.2	12.7	0
	5.2	12.7	14.4844
	5.2	12.9	14.4844
	5.2	12.9	0

	5.8	12.1	0
	5.8	12.1	0
	5.8	12.3	0
	5.8	12.3	0
	5.8	12.7	0
	5.8	12.7	14.4844
	5.8	12.9	14.4844
	5.8	12.9	0


	6.2	12.1	0
	6.2	12.1	0
	6.2	12.3	0
	6.2	12.3	0
	6.2	12.7	0
	6.2	12.7	0
	6.2	12.9	0
	6.2	12.9	0

	6.8	12.1	0
	6.8	12.1	0
	6.8	12.3	0
	6.8	12.3	0
	6.8	12.7	0
	6.8	12.7	0
	6.8	12.9	0
	6.8	12.9	0


	0.2	14.1	0
	0.2	14.1	0
	0.2	14.3	0
	0.2	14.3	0
	0.2	14.7	0
	0.2	14.7	0
	0.2	14.9	0
	0.2	14.9	0

	0.8	14.1	0
	0.8	14.1	0
	0.8	14.3	0
	0.8	14.3	0
	0.8	14.7	0
	0.8	14.7	0
	0.8	14.9	0
	0.8	14.9	0


	1.2	14.1	0
	1.2	14.1	0
	1.2	14.3	0
	1.2	14.3	0
	1.2	14.7	0
	1.2	14.7	0
	1.2	14.9	0
	1.2	14.9	0

	1.8	14.1	0
	1.8	14.1	0
	1.8	14.3	0
	1.8	14.3	0
	1.8	14.7	0
	1.8	14.7	0
	1.8	14.9	0
	1.8	14.9	0


	2.2	14.1	0
	2.2	14.1	0
	2.2	14.3	0
	2.2	14.3	0
	2.2	14.7	0
	2.2	14.7	0
	2.2	14.9	0
	2.2	14.9	0

	2.8	14.1	0
	2.8	14.1	0
	2.8	14.3	0
	2.8	14.3	0
	2.8	14.7	0
	2.8	14.7	0
	2.8	14.9	0
	2.8	14.9	0


	3.2	14.1	0
	3.2	14.1	0
	3.2	14.3	0
	3.2	14.3	0
	3.2	14.7	0
	3.2	14.7	0
	3.2	14.9	0
	3.2	14.9	0

	3.8	14.1	0
	3.8	14.1	0
	3.8	14.3	0
	3.8	14.3	0
	3.8	14.7	0
	3.8	14.7	0
	3.8	14.9	0
	3.8	14.9	0


	4.2	14.1	0
	4.2	14.1	0
	4.2	14.3	0
	4.2	14.3	0
	4.2	14.7	0
	4.2	14.7	208.763
	4.2	14.9	208.763
	4.2	14.9	0

	4.8	14.1	0
	4.8	14.1	0
	4.8	14.3	0
	4.8	14.3	0
	4.8	14.7	0
	4.8	14.7	208.763
	4.8	14.9	208.763
	4.8	14.9	0


	5.2	14.1	0
	5.2	14.1	0
	5.2	14.3	0
	5.2	14.3	0
	5.2	14.7	0
	5.2	14.7	181.175
	5.2	14.9	181.175
	5.2	14.9	0

	5.8	14.1	0
	5.8	14.1	0
	5.8	14.3	0
	5.8	14.3	0
	5.8	14.7	0
	5.8	14.7	181.175
	5.8	14.9	181.175
	5.8	14.9	0


	6.2	14.1	0
	6.2	14.1	0
	6.2	14.3	0
	6.2	14.3	0
	6.2	14.7	0
	6.2	14.7	0
	6.2	14.9	0
	6.2	14.9	0

	6.8	14.1	0
	6.8	14.1	0
	6.8	14.3	0
	6.8	14.3	0
	6.8	14.7	0
	6.8	14.7	0
	6.8	14.9	0
	6.8	14.9	0


