	0.2	0.1	0
	0.2	0.1	2.23455
	0.2	0.3	2.23455
	0.2	0.3	0
	0.2	0.7	0
	0.2	0.7	0
	0.2	0.9	0
	0.2	0.9	0

	0.8	0.1	0
	0.8	0.1	2.23455
	0.8	0.3	2.23455
	0.8	0.3	0
	0.8	0.7	0
	0.8	0.7	0
	0.8	0.9	0
	0.8	0.9	0


	1.2	0.1	0
	1.2	0.1	1.75718
	1.2	0.3	1.75718
	1.2	0.3	0
	1.2	0.7	0
	1.2	0.7	0
	1.2	0.9	0
	1.2	0.9	0

	1.8	0.1	0
	1.8	0.1	1.75718
	1.8	0.3	1.75718
	1.8	0.3	0
	1.8	0.7	0
	1.8	0.7	0
	1.8	0.9	0
	1.8	0.9	0


	2.2	0.1	0
	2.2	0.1	10.3187
	2.2	0.3	10.3187
	2.2	0.3	0
	2.2	0.7	0
	2.2	0.7	0
	2.2	0.9	0
	2.2	0.9	0

	2.8	0.1	0
	2.8	0.1	10.3187
	2.8	0.3	10.3187
	2.8	0.3	0
	2.8	0.7	0
	2.8	0.7	0
	2.8	0.9	0
	2.8	0.9	0


	3.2	0.1	0
	3.2	0.1	6.75372
	3.2	0.3	6.75372
	3.2	0.3	0
	3.2	0.7	0
	3.2	0.7	0
	3.2	0.9	0
	3.2	0.9	0

	3.8	0.1	0
	3.8	0.1	6.75372
	3.8	0.3	6.75372
	3.8	0.3	0
	3.8	0.7	0
	3.8	0.7	0
	3.8	0.9	0
	3.8	0.9	0


	4.2	0.1	0
	4.2	0.1	0
	4.2	0.3	0
	4.2	0.3	0
	4.2	0.7	0
	4.2	0.7	0
	4.2	0.9	0
	4.2	0.9	0

	4.8	0.1	0
	4.8	0.1	0
	4.8	0.3	0
	4.8	0.3	0
	4.8	0.7	0
	4.8	0.7	0
	4.8	0.9	0
	4.8	0.9	0


	5.2	0.1	0
	5.2	0.1	0
	5.2	0.3	0
	5.2	0.3	0
	5.2	0.7	0
	5.2	0.7	0
	5.2	0.9	0
	5.2	0.9	0

	5.8	0.1	0
	5.8	0.1	0
	5.8	0.3	0
	5.8	0.3	0
	5.8	0.7	0
	5.8	0.7	0
	5.8	0.9	0
	5.8	0.9	0


	6.2	0.1	0
	6.2	0.1	0
	6.2	0.3	0
	6.2	0.3	0
	6.2	0.7	0
	6.2	0.7	0
	6.2	0.9	0
	6.2	0.9	0

	6.8	0.1	0
	6.8	0.1	0
	6.8	0.3	0
	6.8	0.3	0
	6.8	0.7	0
	6.8	0.7	0
	6.8	0.9	0
	6.8	0.9	0


	0.2	2.1	0
	0.2	2.1	2.334
	0.2	2.3	2.334
	0.2	2.3	0
	0.2	2.7	0
	0.2	2.7	0
	0.2	2.9	0
	0.2	2.9	0

	0.8	2.1	0
	0.8	2.1	2.334
	0.8	2.3	2.334
	0.8	2.3	0
	0.8	2.7	0
	0.8	2.7	0
	0.8	2.9	0
	0.8	2.9	0


	1.2	2.1	0
	1.2	2.1	0.317396
	1.2	2.3	0.317396
	1.2	2.3	0
	1.2	2.7	0
	1.2	2.7	0
	1.2	2.9	0
	1.2	2.9	0

	1.8	2.1	0
	1.8	2.1	0.317396
	1.8	2.3	0.317396
	1.8	2.3	0
	1.8	2.7	0
	1.8	2.7	0
	1.8	2.9	0
	1.8	2.9	0


	2.2	2.1	0
	2.2	2.1	2.15422
	2.2	2.3	2.15422
	2.2	2.3	0
	2.2	2.7	0
	2.2	2.7	0
	2.2	2.9	0
	2.2	2.9	0

	2.8	2.1	0
	2.8	2.1	2.15422
	2.8	2.3	2.15422
	2.8	2.3	0
	2.8	2.7	0
	2.8	2.7	0
	2.8	2.9	0
	2.8	2.9	0


	3.2	2.1	0
	3.2	2.1	5.18228
	3.2	2.3	5.18228
	3.2	2.3	0
	3.2	2.7	0
	3.2	2.7	0
	3.2	2.9	0
	3.2	2.9	0

	3.8	2.1	0
	3.8	2.1	5.18228
	3.8	2.3	5.18228
	3.8	2.3	0
	3.8	2.7	0
	3.8	2.7	0
	3.8	2.9	0
	3.8	2.9	0


	4.2	2.1	0
	4.2	2.1	0
	4.2	2.3	0
	4.2	2.3	0
	4.2	2.7	0
	4.2	2.7	0
	4.2	2.9	0
	4.2	2.9	0

	4.8	2.1	0
	4.8	2.1	0
	4.8	2.3	0
	4.8	2.3	0
	4.8	2.7	0
	4.8	2.7	0
	4.8	2.9	0
	4.8	2.9	0


	5.2	2.1	0
	5.2	2.1	0
	5.2	2.3	0
	5.2	2.3	0
	5.2	2.7	0
	5.2	2.7	0
	5.2	2.9	0
	5.2	2.9	0

	5.8	2.1	0
	5.8	2.1	0
	5.8	2.3	0
	5.8	2.3	0
	5.8	2.7	0
	5.8	2.7	0
	5.8	2.9	0
	5.8	2.9	0


	6.2	2.1	0
	6.2	2.1	0
	6.2	2.3	0
	6.2	2.3	0
	6.2	2.7	0
	6.2	2.7	0
	6.2	2.9	0
	6.2	2.9	0

	6.8	2.1	0
	6.8	2.1	0
	6.8	2.3	0
	6.8	2.3	0
	6.8	2.7	0
	6.8	2.7	0
	6.8	2.9	0
	6.8	2.9	0


	0.2	4.1	0
	0.2	4.1	0
	0.2	4.3	0
	0.2	4.3	0
	0.2	4.7	0
	0.2	4.7	0
	0.2	4.9	0
	0.2	4.9	0

	0.8	4.1	0
	0.8	4.1	0
	0.8	4.3	0
	0.8	4.3	0
	0.8	4.7	0
	0.8	4.7	0
	0.8	4.9	0
	0.8	4.9	0


	1.2	4.1	0
	1.2	4.1	0
	1.2	4.3	0
	1.2	4.3	0
	1.2	4.7	0
	1.2	4.7	0
	1.2	4.9	0
	1.2	4.9	0

	1.8	4.1	0
	1.8	4.1	0
	1.8	4.3	0
	1.8	4.3	0
	1.8	4.7	0
	1.8	4.7	0
	1.8	4.9	0
	1.8	4.9	0


	2.2	4.1	0
	2.2	4.1	0.0688073
	2.2	4.3	0.0688073
	2.2	4.3	0
	2.2	4.7	0
	2.2	4.7	0
	2.2	4.9	0
	2.2	4.9	0

	2.8	4.1	0
	2.8	4.1	0.0688073
	2.8	4.3	0.0688073
	2.8	4.3	0
	2.8	4.7	0
	2.8	4.7	0
	2.8	4.9	0
	2.8	4.9	0


	3.2	4.1	0
	3.2	4.1	0.300876
	3.2	4.3	0.300876
	3.2	4.3	0
	3.2	4.7	0
	3.2	4.7	0
	3.2	4.9	0
	3.2	4.9	0

	3.8	4.1	0
	3.8	4.1	0.300876
	3.8	4.3	0.300876
	3.8	4.3	0
	3.8	4.7	0
	3.8	4.7	0
	3.8	4.9	0
	3.8	4.9	0


	4.2	4.1	0
	4.2	4.1	0
	4.2	4.3	0
	4.2	4.3	0
	4.2	4.7	0
	4.2	4.7	0
	4.2	4.9	0
	4.2	4.9	0

	4.8	4.1	0
	4.8	4.1	0
	4.8	4.3	0
	4.8	4.3	0
	4.8	4.7	0
	4.8	4.7	0
	4.8	4.9	0
	4.8	4.9	0


	5.2	4.1	0
	5.2	4.1	0
	5.2	4.3	0
	5.2	4.3	0
	5.2	4.7	0
	5.2	4.7	0
	5.2	4.9	0
	5.2	4.9	0

	5.8	4.1	0
	5.8	4.1	0
	5.8	4.3	0
	5.8	4.3	0
	5.8	4.7	0
	5.8	4.7	0
	5.8	4.9	0
	5.8	4.9	0


	6.2	4.1	0
	6.2	4.1	0
	6.2	4.3	0
	6.2	4.3	0
	6.2	4.7	0
	6.2	4.7	0
	6.2	4.9	0
	6.2	4.9	0

	6.8	4.1	0
	6.8	4.1	0
	6.8	4.3	0
	6.8	4.3	0
	6.8	4.7	0
	6.8	4.7	0
	6.8	4.9	0
	6.8	4.9	0


	0.2	6.1	0
	0.2	6.1	0
	0.2	6.3	0
	0.2	6.3	0
	0.2	6.7	0
	0.2	6.7	0
	0.2	6.9	0
	0.2	6.9	0

	0.8	6.1	0
	0.8	6.1	0
	0.8	6.3	0
	0.8	6.3	0
	0.8	6.7	0
	0.8	6.7	0
	0.8	6.9	0
	0.8	6.9	0


	1.2	6.1	0
	1.2	6.1	0
	1.2	6.3	0
	1.2	6.3	0
	1.2	6.7	0
	1.2	6.7	0
	1.2	6.9	0
	1.2	6.9	0

	1.8	6.1	0
	1.8	6.1	0
	1.8	6.3	0
	1.8	6.3	0
	1.8	6.7	0
	1.8	6.7	0
	1.8	6.9	0
	1.8	6.9	0


	2.2	6.1	0
	2.2	6.1	14.3952
	2.2	6.3	14.3952
	2.2	6.3	0
	2.2	6.7	0
	2.2	6.7	4.38095
	2.2	6.9	4.38095
	2.2	6.9	0

	2.8	6.1	0
	2.8	6.1	14.3952
	2.8	6.3	14.3952
	2.8	6.3	0
	2.8	6.7	0
	2.8	6.7	4.38095
	2.8	6.9	4.38095
	2.8	6.9	0


	3.2	6.1	0
	3.2	6.1	14.3853
	3.2	6.3	14.3853
	3.2	6.3	0
	3.2	6.7	0
	3.2	6.7	4.34475
	3.2	6.9	4.34475
	3.2	6.9	0

	3.8	6.1	0
	3.8	6.1	14.3853
	3.8	6.3	14.3853
	3.8	6.3	0
	3.8	6.7	0
	3.8	6.7	4.34475
	3.8	6.9	4.34475
	3.8	6.9	0


	4.2	6.1	0
	4.2	6.1	14.2505
	4.2	6.3	14.2505
	4.2	6.3	0
	4.2	6.7	0
	4.2	6.7	0.376884
	4.2	6.9	0.376884
	4.2	6.9	0

	4.8	6.1	0
	4.8	6.1	14.2505
	4.8	6.3	14.2505
	4.8	6.3	0
	4.8	6.7	0
	4.8	6.7	0.376884
	4.8	6.9	0.376884
	4.8	6.9	0


	5.2	6.1	0
	5.2	6.1	0
	5.2	6.3	0
	5.2	6.3	0
	5.2	6.7	0
	5.2	6.7	0.376884
	5.2	6.9	0.376884
	5.2	6.9	0

	5.8	6.1	0
	5.8	6.1	0
	5.8	6.3	0
	5.8	6.3	0
	5.8	6.7	0
	5.8	6.7	0.376884
	5.8	6.9	0.376884
	5.8	6.9	0


	6.2	6.1	0
	6.2	6.1	0
	6.2	6.3	0
	6.2	6.3	0
	6.2	6.7	0
	6.2	6.7	0
	6.2	6.9	0
	6.2	6.9	0

	6.8	6.1	0
	6.8	6.1	0
	6.8	6.3	0
	6.8	6.3	0
	6.8	6.7	0
	6.8	6.7	0
	6.8	6.9	0
	6.8	6.9	0


	0.2	8.1	0
	0.2	8.1	3.40751
	0.2	8.3	3.40751
	0.2	8.3	0
	0.2	8.7	0
	0.2	8.7	0
	0.2	8.9	0
	0.2	8.9	0

	0.8	8.1	0
	0.8	8.1	3.40751
	0.8	8.3	3.40751
	0.8	8.3	0
	0.8	8.7	0
	0.8	8.7	0
	0.8	8.9	0
	0.8	8.9	0


	1.2	8.1	0
	1.2	8.1	6.65194
	1.2	8.3	6.65194
	1.2	8.3	0
	1.2	8.7	0
	1.2	8.7	0
	1.2	8.9	0
	1.2	8.9	0

	1.8	8.1	0
	1.8	8.1	6.65194
	1.8	8.3	6.65194
	1.8	8.3	0
	1.8	8.7	0
	1.8	8.7	0
	1.8	8.9	0
	1.8	8.9	0


	2.2	8.1	0
	2.2	8.1	2.5
	2.2	8.3	2.5
	2.2	8.3	0
	2.2	8.7	0
	2.2	8.7	7.57463
	2.2	8.9	7.57463
	2.2	8.9	0

	2.8	8.1	0
	2.8	8.1	2.5
	2.8	8.3	2.5
	2.8	8.3	0
	2.8	8.7	0
	2.8	8.7	7.57463
	2.8	8.9	7.57463
	2.8	8.9	0


	3.2	8.1	0
	3.2	8.1	0.0604089
	3.2	8.3	0.0604089
	3.2	8.3	0
	3.2	8.7	0
	3.2	8.7	8.58351
	3.2	8.9	8.58351
	3.2	8.9	0

	3.8	8.1	0
	3.8	8.1	0.0604089
	3.8	8.3	0.0604089
	3.8	8.3	0
	3.8	8.7	0
	3.8	8.7	8.58351
	3.8	8.9	8.58351
	3.8	8.9	0


	4.2	8.1	0
	4.2	8.1	0
	4.2	8.3	0
	4.2	8.3	0
	4.2	8.7	0
	4.2	8.7	3.66197
	4.2	8.9	3.66197
	4.2	8.9	0

	4.8	8.1	0
	4.8	8.1	0
	4.8	8.3	0
	4.8	8.3	0
	4.8	8.7	0
	4.8	8.7	3.66197
	4.8	8.9	3.66197
	4.8	8.9	0


	5.2	8.1	0
	5.2	8.1	0
	5.2	8.3	0
	5.2	8.3	0
	5.2	8.7	0
	5.2	8.7	0.228985
	5.2	8.9	0.228985
	5.2	8.9	0

	5.8	8.1	0
	5.8	8.1	0
	5.8	8.3	0
	5.8	8.3	0
	5.8	8.7	0
	5.8	8.7	0.228985
	5.8	8.9	0.228985
	5.8	8.9	0


	6.2	8.1	0
	6.2	8.1	0
	6.2	8.3	0
	6.2	8.3	0
	6.2	8.7	0
	6.2	8.7	0
	6.2	8.9	0
	6.2	8.9	0

	6.8	8.1	0
	6.8	8.1	0
	6.8	8.3	0
	6.8	8.3	0
	6.8	8.7	0
	6.8	8.7	0
	6.8	8.9	0
	6.8	8.9	0


	0.2	10.1	0
	0.2	10.1	15.1301
	0.2	10.3	15.1301
	0.2	10.3	0
	0.2	10.7	0
	0.2	10.7	0
	0.2	10.9	0
	0.2	10.9	0

	0.8	10.1	0
	0.8	10.1	15.1301
	0.8	10.3	15.1301
	0.8	10.3	0
	0.8	10.7	0
	0.8	10.7	0
	0.8	10.9	0
	0.8	10.9	0


	1.2	10.1	0
	1.2	10.1	11.849
	1.2	10.3	11.849
	1.2	10.3	0
	1.2	10.7	0
	1.2	10.7	0
	1.2	10.9	0
	1.2	10.9	0

	1.8	10.1	0
	1.8	10.1	11.849
	1.8	10.3	11.849
	1.8	10.3	0
	1.8	10.7	0
	1.8	10.7	0
	1.8	10.9	0
	1.8	10.9	0


	2.2	10.1	0
	2.2	10.1	0
	2.2	10.3	0
	2.2	10.3	0
	2.2	10.7	0
	2.2	10.7	0
	2.2	10.9	0
	2.2	10.9	0

	2.8	10.1	0
	2.8	10.1	0
	2.8	10.3	0
	2.8	10.3	0
	2.8	10.7	0
	2.8	10.7	0
	2.8	10.9	0
	2.8	10.9	0


	3.2	10.1	0
	3.2	10.1	0
	3.2	10.3	0
	3.2	10.3	0
	3.2	10.7	0
	3.2	10.7	0
	3.2	10.9	0
	3.2	10.9	0

	3.8	10.1	0
	3.8	10.1	0
	3.8	10.3	0
	3.8	10.3	0
	3.8	10.7	0
	3.8	10.7	0
	3.8	10.9	0
	3.8	10.9	0


	4.2	10.1	0
	4.2	10.1	0
	4.2	10.3	0
	4.2	10.3	0
	4.2	10.7	0
	4.2	10.7	2.11416
	4.2	10.9	2.11416
	4.2	10.9	0

	4.8	10.1	0
	4.8	10.1	0
	4.8	10.3	0
	4.8	10.3	0
	4.8	10.7	0
	4.8	10.7	2.11416
	4.8	10.9	2.11416
	4.8	10.9	0


	5.2	10.1	0
	5.2	10.1	0
	5.2	10.3	0
	5.2	10.3	0
	5.2	10.7	0
	5.2	10.7	0.396747
	5.2	10.9	0.396747
	5.2	10.9	0

	5.8	10.1	0
	5.8	10.1	0
	5.8	10.3	0
	5.8	10.3	0
	5.8	10.7	0
	5.8	10.7	0.396747
	5.8	10.9	0.396747
	5.8	10.9	0


	6.2	10.1	0
	6.2	10.1	0
	6.2	10.3	0
	6.2	10.3	0
	6.2	10.7	0
	6.2	10.7	0
	6.2	10.9	0
	6.2	10.9	0

	6.8	10.1	0
	6.8	10.1	0
	6.8	10.3	0
	6.8	10.3	0
	6.8	10.7	0
	6.8	10.7	0
	6.8	10.9	0
	6.8	10.9	0


	0.2	12.1	0
	0.2	12.1	0
	0.2	12.3	0
	0.2	12.3	0
	0.2	12.7	0
	0.2	12.7	0
	0.2	12.9	0
	0.2	12.9	0

	0.8	12.1	0
	0.8	12.1	0
	0.8	12.3	0
	0.8	12.3	0
	0.8	12.7	0
	0.8	12.7	0
	0.8	12.9	0
	0.8	12.9	0


	1.2	12.1	0
	1.2	12.1	0
	1.2	12.3	0
	1.2	12.3	0
	1.2	12.7	0
	1.2	12.7	0
	1.2	12.9	0
	1.2	12.9	0

	1.8	12.1	0
	1.8	12.1	0
	1.8	12.3	0
	1.8	12.3	0
	1.8	12.7	0
	1.8	12.7	0
	1.8	12.9	0
	1.8	12.9	0


	2.2	12.1	0
	2.2	12.1	0
	2.2	12.3	0
	2.2	12.3	0
	2.2	12.7	0
	2.2	12.7	0
	2.2	12.9	0
	2.2	12.9	0

	2.8	12.1	0
	2.8	12.1	0
	2.8	12.3	0
	2.8	12.3	0
	2.8	12.7	0
	2.8	12.7	0
	2.8	12.9	0
	2.8	12.9	0


	3.2	12.1	0
	3.2	12.1	0
	3.2	12.3	0
	3.2	12.3	0
	3.2	12.7	0
	3.2	12.7	0
	3.2	12.9	0
	3.2	12.9	0

	3.8	12.1	0
	3.8	12.1	0
	3.8	12.3	0
	3.8	12.3	0
	3.8	12.7	0
	3.8	12.7	0
	3.8	12.9	0
	3.8	12.9	0


	4.2	12.1	0
	4.2	12.1	0
	4.2	12.3	0
	4.2	12.3	0
	4.2	12.7	0
	4.2	12.7	2.4337
	4.2	12.9	2.4337
	4.2	12.9	0

	4.8	12.1	0
	4.8	12.1	0
	4.8	12.3	0
	4.8	12.3	0
	4.8	12.7	0
	4.8	12.7	2.4337
	4.8	12.9	2.4337
	4.8	12.9	0


	5.2	12.1	0
	5.2	12.1	0
	5.2	12.3	0
	5.2	12.3	0
	5.2	12.7	0
	5.2	12.7	0.550893
	5.2	12.9	0.550893
	5.2	12.9	0

	5.8	12.1	0
	5.8	12.1	0
	5.8	12.3	0
	5.8	12.3	0
	5.8	12.7	0
	5.8	12.7	0.550893
	5.8	12.9	0.550893
	5.8	12.9	0


	6.2	12.1	0
	6.2	12.1	0
	6.2	12.3	0
	6.2	12.3	0
	6.2	12.7	0
	6.2	12.7	0
	6.2	12.9	0
	6.2	12.9	0

	6.8	12.1	0
	6.8	12.1	0
	6.8	12.3	0
	6.8	12.3	0
	6.8	12.7	0
	6.8	12.7	0
	6.8	12.9	0
	6.8	12.9	0


	0.2	14.1	0
	0.2	14.1	0
	0.2	14.3	0
	0.2	14.3	0
	0.2	14.7	0
	0.2	14.7	0
	0.2	14.9	0
	0.2	14.9	0

	0.8	14.1	0
	0.8	14.1	0
	0.8	14.3	0
	0.8	14.3	0
	0.8	14.7	0
	0.8	14.7	0
	0.8	14.9	0
	0.8	14.9	0


	1.2	14.1	0
	1.2	14.1	0
	1.2	14.3	0
	1.2	14.3	0
	1.2	14.7	0
	1.2	14.7	0
	1.2	14.9	0
	1.2	14.9	0

	1.8	14.1	0
	1.8	14.1	0
	1.8	14.3	0
	1.8	14.3	0
	1.8	14.7	0
	1.8	14.7	0
	1.8	14.9	0
	1.8	14.9	0


	2.2	14.1	0
	2.2	14.1	0
	2.2	14.3	0
	2.2	14.3	0
	2.2	14.7	0
	2.2	14.7	0
	2.2	14.9	0
	2.2	14.9	0

	2.8	14.1	0
	2.8	14.1	0
	2.8	14.3	0
	2.8	14.3	0
	2.8	14.7	0
	2.8	14.7	0
	2.8	14.9	0
	2.8	14.9	0


	3.2	14.1	0
	3.2	14.1	0
	3.2	14.3	0
	3.2	14.3	0
	3.2	14.7	0
	3.2	14.7	0
	3.2	14.9	0
	3.2	14.9	0

	3.8	14.1	0
	3.8	14.1	0
	3.8	14.3	0
	3.8	14.3	0
	3.8	14.7	0
	3.8	14.7	0
	3.8	14.9	0
	3.8	14.9	0


	4.2	14.1	0
	4.2	14.1	0
	4.2	14.3	0
	4.2	14.3	0
	4.2	14.7	0
	4.2	14.7	3.12719
	4.2	14.9	3.12719
	4.2	14.9	0

	4.8	14.1	0
	4.8	14.1	0
	4.8	14.3	0
	4.8	14.3	0
	4.8	14.7	0
	4.8	14.7	3.12719
	4.8	14.9	3.12719
	4.8	14.9	0


	5.2	14.1	0
	5.2	14.1	0
	5.2	14.3	0
	5.2	14.3	0
	5.2	14.7	0
	5.2	14.7	3.2229
	5.2	14.9	3.2229
	5.2	14.9	0

	5.8	14.1	0
	5.8	14.1	0
	5.8	14.3	0
	5.8	14.3	0
	5.8	14.7	0
	5.8	14.7	3.2229
	5.8	14.9	3.2229
	5.8	14.9	0


	6.2	14.1	0
	6.2	14.1	0
	6.2	14.3	0
	6.2	14.3	0
	6.2	14.7	0
	6.2	14.7	0
	6.2	14.9	0
	6.2	14.9	0

	6.8	14.1	0
	6.8	14.1	0
	6.8	14.3	0
	6.8	14.3	0
	6.8	14.7	0
	6.8	14.7	0
	6.8	14.9	0
	6.8	14.9	0


