	0.1	0.2	0
	0.1	0.2	0
	0.3	0.2	0
	0.3	0.2	0
	0.7	0.2	0
	0.7	0.2	145.375
	0.9	0.2	145.375
	0.9	0.2	0

	0.1	0.8	0
	0.1	0.8	0
	0.3	0.8	0
	0.3	0.8	0
	0.7	0.8	0
	0.7	0.8	145.375
	0.9	0.8	145.375
	0.9	0.8	0


	0.1	2.2	0
	0.1	2.2	0
	0.3	2.2	0
	0.3	2.2	0
	0.7	2.2	0
	0.7	2.2	0
	0.9	2.2	0
	0.9	2.2	0

	0.1	2.8	0
	0.1	2.8	0
	0.3	2.8	0
	0.3	2.8	0
	0.7	2.8	0
	0.7	2.8	0
	0.9	2.8	0
	0.9	2.8	0


	0.1	4.2	0
	0.1	4.2	0
	0.3	4.2	0
	0.3	4.2	0
	0.7	4.2	0
	0.7	4.2	0
	0.9	4.2	0
	0.9	4.2	0

	0.1	4.8	0
	0.1	4.8	0
	0.3	4.8	0
	0.3	4.8	0
	0.7	4.8	0
	0.7	4.8	0
	0.9	4.8	0
	0.9	4.8	0


	0.1	6.2	0
	0.1	6.2	0
	0.3	6.2	0
	0.3	6.2	0
	0.7	6.2	0
	0.7	6.2	0
	0.9	6.2	0
	0.9	6.2	0

	0.1	6.8	0
	0.1	6.8	0
	0.3	6.8	0
	0.3	6.8	0
	0.7	6.8	0
	0.7	6.8	0
	0.9	6.8	0
	0.9	6.8	0


	0.1	8.2	0
	0.1	8.2	39.8241
	0.3	8.2	39.8241
	0.3	8.2	0
	0.7	8.2	0
	0.7	8.2	0
	0.9	8.2	0
	0.9	8.2	0

	0.1	8.8	0
	0.1	8.8	39.8241
	0.3	8.8	39.8241
	0.3	8.8	0
	0.7	8.8	0
	0.7	8.8	0
	0.9	8.8	0
	0.9	8.8	0


	0.1	10.2	0
	0.1	10.2	0
	0.3	10.2	0
	0.3	10.2	0
	0.7	10.2	0
	0.7	10.2	0
	0.9	10.2	0
	0.9	10.2	0

	0.1	10.8	0
	0.1	10.8	0
	0.3	10.8	0
	0.3	10.8	0
	0.7	10.8	0
	0.7	10.8	0
	0.9	10.8	0
	0.9	10.8	0


	0.1	12.2	0
	0.1	12.2	0
	0.3	12.2	0
	0.3	12.2	0
	0.7	12.2	0
	0.7	12.2	0
	0.9	12.2	0
	0.9	12.2	0

	0.1	12.8	0
	0.1	12.8	0
	0.3	12.8	0
	0.3	12.8	0
	0.7	12.8	0
	0.7	12.8	0
	0.9	12.8	0
	0.9	12.8	0


	1.1	0.2	0
	1.1	0.2	0
	1.3	0.2	0
	1.3	0.2	0
	1.7	0.2	0
	1.7	0.2	825.384
	1.9	0.2	825.384
	1.9	0.2	0

	1.1	0.8	0
	1.1	0.8	0
	1.3	0.8	0
	1.3	0.8	0
	1.7	0.8	0
	1.7	0.8	825.384
	1.9	0.8	825.384
	1.9	0.8	0


	1.1	2.2	0
	1.1	2.2	0
	1.3	2.2	0
	1.3	2.2	0
	1.7	2.2	0
	1.7	2.2	12
	1.9	2.2	12
	1.9	2.2	0

	1.1	2.8	0
	1.1	2.8	0
	1.3	2.8	0
	1.3	2.8	0
	1.7	2.8	0
	1.7	2.8	12
	1.9	2.8	12
	1.9	2.8	0


	1.1	4.2	0
	1.1	4.2	0
	1.3	4.2	0
	1.3	4.2	0
	1.7	4.2	0
	1.7	4.2	16
	1.9	4.2	16
	1.9	4.2	0

	1.1	4.8	0
	1.1	4.8	0
	1.3	4.8	0
	1.3	4.8	0
	1.7	4.8	0
	1.7	4.8	16
	1.9	4.8	16
	1.9	4.8	0


	1.1	6.2	0
	1.1	6.2	0
	1.3	6.2	0
	1.3	6.2	0
	1.7	6.2	0
	1.7	6.2	16
	1.9	6.2	16
	1.9	6.2	0

	1.1	6.8	0
	1.1	6.8	0
	1.3	6.8	0
	1.3	6.8	0
	1.7	6.8	0
	1.7	6.8	16
	1.9	6.8	16
	1.9	6.8	0


	1.1	8.2	0
	1.1	8.2	24.4932
	1.3	8.2	24.4932
	1.3	8.2	0
	1.7	8.2	0
	1.7	8.2	0
	1.9	8.2	0
	1.9	8.2	0

	1.1	8.8	0
	1.1	8.8	24.4932
	1.3	8.8	24.4932
	1.3	8.8	0
	1.7	8.8	0
	1.7	8.8	0
	1.9	8.8	0
	1.9	8.8	0


	1.1	10.2	0
	1.1	10.2	0
	1.3	10.2	0
	1.3	10.2	0
	1.7	10.2	0
	1.7	10.2	0
	1.9	10.2	0
	1.9	10.2	0

	1.1	10.8	0
	1.1	10.8	0
	1.3	10.8	0
	1.3	10.8	0
	1.7	10.8	0
	1.7	10.8	0
	1.9	10.8	0
	1.9	10.8	0


	1.1	12.2	0
	1.1	12.2	0
	1.3	12.2	0
	1.3	12.2	0
	1.7	12.2	0
	1.7	12.2	0
	1.9	12.2	0
	1.9	12.2	0

	1.1	12.8	0
	1.1	12.8	0
	1.3	12.8	0
	1.3	12.8	0
	1.7	12.8	0
	1.7	12.8	0
	1.9	12.8	0
	1.9	12.8	0


	2.1	0.2	0
	2.1	0.2	0
	2.3	0.2	0
	2.3	0.2	0
	2.7	0.2	0
	2.7	0.2	79.7795
	2.9	0.2	79.7795
	2.9	0.2	0

	2.1	0.8	0
	2.1	0.8	0
	2.3	0.8	0
	2.3	0.8	0
	2.7	0.8	0
	2.7	0.8	79.7795
	2.9	0.8	79.7795
	2.9	0.8	0


	2.1	2.2	0
	2.1	2.2	0
	2.3	2.2	0
	2.3	2.2	0
	2.7	2.2	0
	2.7	2.2	183.222
	2.9	2.2	183.222
	2.9	2.2	0

	2.1	2.8	0
	2.1	2.8	0
	2.3	2.8	0
	2.3	2.8	0
	2.7	2.8	0
	2.7	2.8	183.222
	2.9	2.8	183.222
	2.9	2.8	0


	2.1	4.2	0
	2.1	4.2	0
	2.3	4.2	0
	2.3	4.2	0
	2.7	4.2	0
	2.7	4.2	16
	2.9	4.2	16
	2.9	4.2	0

	2.1	4.8	0
	2.1	4.8	0
	2.3	4.8	0
	2.3	4.8	0
	2.7	4.8	0
	2.7	4.8	16
	2.9	4.8	16
	2.9	4.8	0


	2.1	6.2	0
	2.1	6.2	0
	2.3	6.2	0
	2.3	6.2	0
	2.7	6.2	0
	2.7	6.2	15.4239
	2.9	6.2	15.4239
	2.9	6.2	0

	2.1	6.8	0
	2.1	6.8	0
	2.3	6.8	0
	2.3	6.8	0
	2.7	6.8	0
	2.7	6.8	15.4239
	2.9	6.8	15.4239
	2.9	6.8	0


	2.1	8.2	0
	2.1	8.2	19.6932
	2.3	8.2	19.6932
	2.3	8.2	0
	2.7	8.2	0
	2.7	8.2	0
	2.9	8.2	0
	2.9	8.2	0

	2.1	8.8	0
	2.1	8.8	19.6932
	2.3	8.8	19.6932
	2.3	8.8	0
	2.7	8.8	0
	2.7	8.8	0
	2.9	8.8	0
	2.9	8.8	0


	2.1	10.2	0
	2.1	10.2	0
	2.3	10.2	0
	2.3	10.2	0
	2.7	10.2	0
	2.7	10.2	0
	2.9	10.2	0
	2.9	10.2	0

	2.1	10.8	0
	2.1	10.8	0
	2.3	10.8	0
	2.3	10.8	0
	2.7	10.8	0
	2.7	10.8	0
	2.9	10.8	0
	2.9	10.8	0


	2.1	12.2	0
	2.1	12.2	0
	2.3	12.2	0
	2.3	12.2	0
	2.7	12.2	0
	2.7	12.2	0
	2.9	12.2	0
	2.9	12.2	0

	2.1	12.8	0
	2.1	12.8	0
	2.3	12.8	0
	2.3	12.8	0
	2.7	12.8	0
	2.7	12.8	0
	2.9	12.8	0
	2.9	12.8	0


	3.1	0.2	0
	3.1	0.2	0
	3.3	0.2	0
	3.3	0.2	0
	3.7	0.2	0
	3.7	0.2	94.0949
	3.9	0.2	94.0949
	3.9	0.2	0

	3.1	0.8	0
	3.1	0.8	0
	3.3	0.8	0
	3.3	0.8	0
	3.7	0.8	0
	3.7	0.8	94.0949
	3.9	0.8	94.0949
	3.9	0.8	0


	3.1	2.2	0
	3.1	2.2	0
	3.3	2.2	0
	3.3	2.2	0
	3.7	2.2	0
	3.7	2.2	280.427
	3.9	2.2	280.427
	3.9	2.2	0

	3.1	2.8	0
	3.1	2.8	0
	3.3	2.8	0
	3.3	2.8	0
	3.7	2.8	0
	3.7	2.8	280.427
	3.9	2.8	280.427
	3.9	2.8	0


	3.1	4.2	0
	3.1	4.2	0
	3.3	4.2	0
	3.3	4.2	0
	3.7	4.2	0
	3.7	4.2	15.3929
	3.9	4.2	15.3929
	3.9	4.2	0

	3.1	4.8	0
	3.1	4.8	0
	3.3	4.8	0
	3.3	4.8	0
	3.7	4.8	0
	3.7	4.8	15.3929
	3.9	4.8	15.3929
	3.9	4.8	0


	3.1	6.2	0
	3.1	6.2	0
	3.3	6.2	0
	3.3	6.2	0
	3.7	6.2	0
	3.7	6.2	15.8333
	3.9	6.2	15.8333
	3.9	6.2	0

	3.1	6.8	0
	3.1	6.8	0
	3.3	6.8	0
	3.3	6.8	0
	3.7	6.8	0
	3.7	6.8	15.8333
	3.9	6.8	15.8333
	3.9	6.8	0


	3.1	8.2	0
	3.1	8.2	0
	3.3	8.2	0
	3.3	8.2	0
	3.7	8.2	0
	3.7	8.2	0
	3.9	8.2	0
	3.9	8.2	0

	3.1	8.8	0
	3.1	8.8	0
	3.3	8.8	0
	3.3	8.8	0
	3.7	8.8	0
	3.7	8.8	0
	3.9	8.8	0
	3.9	8.8	0


	3.1	10.2	0
	3.1	10.2	0
	3.3	10.2	0
	3.3	10.2	0
	3.7	10.2	0
	3.7	10.2	0
	3.9	10.2	0
	3.9	10.2	0

	3.1	10.8	0
	3.1	10.8	0
	3.3	10.8	0
	3.3	10.8	0
	3.7	10.8	0
	3.7	10.8	0
	3.9	10.8	0
	3.9	10.8	0


	3.1	12.2	0
	3.1	12.2	0
	3.3	12.2	0
	3.3	12.2	0
	3.7	12.2	0
	3.7	12.2	0
	3.9	12.2	0
	3.9	12.2	0

	3.1	12.8	0
	3.1	12.8	0
	3.3	12.8	0
	3.3	12.8	0
	3.7	12.8	0
	3.7	12.8	0
	3.9	12.8	0
	3.9	12.8	0


	4.1	0.2	0
	4.1	0.2	0
	4.3	0.2	0
	4.3	0.2	0
	4.7	0.2	0
	4.7	0.2	14.7049
	4.9	0.2	14.7049
	4.9	0.2	0

	4.1	0.8	0
	4.1	0.8	0
	4.3	0.8	0
	4.3	0.8	0
	4.7	0.8	0
	4.7	0.8	14.7049
	4.9	0.8	14.7049
	4.9	0.8	0


	4.1	2.2	0
	4.1	2.2	0
	4.3	2.2	0
	4.3	2.2	0
	4.7	2.2	0
	4.7	2.2	90.6215
	4.9	2.2	90.6215
	4.9	2.2	0

	4.1	2.8	0
	4.1	2.8	0
	4.3	2.8	0
	4.3	2.8	0
	4.7	2.8	0
	4.7	2.8	90.6215
	4.9	2.8	90.6215
	4.9	2.8	0


	4.1	4.2	0
	4.1	4.2	17.7895
	4.3	4.2	17.7895
	4.3	4.2	0
	4.7	4.2	0
	4.7	4.2	104.926
	4.9	4.2	104.926
	4.9	4.2	0

	4.1	4.8	0
	4.1	4.8	17.7895
	4.3	4.8	17.7895
	4.3	4.8	0
	4.7	4.8	0
	4.7	4.8	104.926
	4.9	4.8	104.926
	4.9	4.8	0


	4.1	6.2	0
	4.1	6.2	66.9308
	4.3	6.2	66.9308
	4.3	6.2	0
	4.7	6.2	0
	4.7	6.2	80.8999
	4.9	6.2	80.8999
	4.9	6.2	0

	4.1	6.8	0
	4.1	6.8	66.9308
	4.3	6.8	66.9308
	4.3	6.8	0
	4.7	6.8	0
	4.7	6.8	80.8999
	4.9	6.8	80.8999
	4.9	6.8	0


	4.1	8.2	0
	4.1	8.2	227.185
	4.3	8.2	227.185
	4.3	8.2	0
	4.7	8.2	0
	4.7	8.2	0
	4.9	8.2	0
	4.9	8.2	0

	4.1	8.8	0
	4.1	8.8	227.185
	4.3	8.8	227.185
	4.3	8.8	0
	4.7	8.8	0
	4.7	8.8	0
	4.9	8.8	0
	4.9	8.8	0


	4.1	10.2	0
	4.1	10.2	224.237
	4.3	10.2	224.237
	4.3	10.2	0
	4.7	10.2	0
	4.7	10.2	0
	4.9	10.2	0
	4.9	10.2	0

	4.1	10.8	0
	4.1	10.8	224.237
	4.3	10.8	224.237
	4.3	10.8	0
	4.7	10.8	0
	4.7	10.8	0
	4.9	10.8	0
	4.9	10.8	0


	4.1	12.2	0
	4.1	12.2	215.607
	4.3	12.2	215.607
	4.3	12.2	0
	4.7	12.2	0
	4.7	12.2	0
	4.9	12.2	0
	4.9	12.2	0

	4.1	12.8	0
	4.1	12.8	215.607
	4.3	12.8	215.607
	4.3	12.8	0
	4.7	12.8	0
	4.7	12.8	0
	4.9	12.8	0
	4.9	12.8	0


	5.1	0.2	0
	5.1	0.2	0
	5.3	0.2	0
	5.3	0.2	0
	5.7	0.2	0
	5.7	0.2	0
	5.9	0.2	0
	5.9	0.2	0

	5.1	0.8	0
	5.1	0.8	0
	5.3	0.8	0
	5.3	0.8	0
	5.7	0.8	0
	5.7	0.8	0
	5.9	0.8	0
	5.9	0.8	0


	5.1	2.2	0
	5.1	2.2	0
	5.3	2.2	0
	5.3	2.2	0
	5.7	2.2	0
	5.7	2.2	0
	5.9	2.2	0
	5.9	2.2	0

	5.1	2.8	0
	5.1	2.8	0
	5.3	2.8	0
	5.3	2.8	0
	5.7	2.8	0
	5.7	2.8	0
	5.9	2.8	0
	5.9	2.8	0


	5.1	4.2	0
	5.1	4.2	0
	5.3	4.2	0
	5.3	4.2	0
	5.7	4.2	0
	5.7	4.2	0
	5.9	4.2	0
	5.9	4.2	0

	5.1	4.8	0
	5.1	4.8	0
	5.3	4.8	0
	5.3	4.8	0
	5.7	4.8	0
	5.7	4.8	0
	5.9	4.8	0
	5.9	4.8	0


	5.1	6.2	0
	5.1	6.2	0
	5.3	6.2	0
	5.3	6.2	0
	5.7	6.2	0
	5.7	6.2	0
	5.9	6.2	0
	5.9	6.2	0

	5.1	6.8	0
	5.1	6.8	0
	5.3	6.8	0
	5.3	6.8	0
	5.7	6.8	0
	5.7	6.8	0
	5.9	6.8	0
	5.9	6.8	0


	5.1	8.2	0
	5.1	8.2	0
	5.3	8.2	0
	5.3	8.2	0
	5.7	8.2	0
	5.7	8.2	0
	5.9	8.2	0
	5.9	8.2	0

	5.1	8.8	0
	5.1	8.8	0
	5.3	8.8	0
	5.3	8.8	0
	5.7	8.8	0
	5.7	8.8	0
	5.9	8.8	0
	5.9	8.8	0


	5.1	10.2	0
	5.1	10.2	0
	5.3	10.2	0
	5.3	10.2	0
	5.7	10.2	0
	5.7	10.2	0
	5.9	10.2	0
	5.9	10.2	0

	5.1	10.8	0
	5.1	10.8	0
	5.3	10.8	0
	5.3	10.8	0
	5.7	10.8	0
	5.7	10.8	0
	5.9	10.8	0
	5.9	10.8	0


	5.1	12.2	0
	5.1	12.2	0
	5.3	12.2	0
	5.3	12.2	0
	5.7	12.2	0
	5.7	12.2	0
	5.9	12.2	0
	5.9	12.2	0

	5.1	12.8	0
	5.1	12.8	0
	5.3	12.8	0
	5.3	12.8	0
	5.7	12.8	0
	5.7	12.8	0
	5.9	12.8	0
	5.9	12.8	0


	6.1	0.2	0
	6.1	0.2	0
	6.3	0.2	0
	6.3	0.2	0
	6.7	0.2	0
	6.7	0.2	0
	6.9	0.2	0
	6.9	0.2	0

	6.1	0.8	0
	6.1	0.8	0
	6.3	0.8	0
	6.3	0.8	0
	6.7	0.8	0
	6.7	0.8	0
	6.9	0.8	0
	6.9	0.8	0


	6.1	2.2	0
	6.1	2.2	0
	6.3	2.2	0
	6.3	2.2	0
	6.7	2.2	0
	6.7	2.2	0
	6.9	2.2	0
	6.9	2.2	0

	6.1	2.8	0
	6.1	2.8	0
	6.3	2.8	0
	6.3	2.8	0
	6.7	2.8	0
	6.7	2.8	0
	6.9	2.8	0
	6.9	2.8	0


	6.1	4.2	0
	6.1	4.2	0
	6.3	4.2	0
	6.3	4.2	0
	6.7	4.2	0
	6.7	4.2	0
	6.9	4.2	0
	6.9	4.2	0

	6.1	4.8	0
	6.1	4.8	0
	6.3	4.8	0
	6.3	4.8	0
	6.7	4.8	0
	6.7	4.8	0
	6.9	4.8	0
	6.9	4.8	0


	6.1	6.2	0
	6.1	6.2	15.2667
	6.3	6.2	15.2667
	6.3	6.2	0
	6.7	6.2	0
	6.7	6.2	0
	6.9	6.2	0
	6.9	6.2	0

	6.1	6.8	0
	6.1	6.8	15.2667
	6.3	6.8	15.2667
	6.3	6.8	0
	6.7	6.8	0
	6.7	6.8	0
	6.9	6.8	0
	6.9	6.8	0


	6.1	8.2	0
	6.1	8.2	15.1735
	6.3	8.2	15.1735
	6.3	8.2	0
	6.7	8.2	0
	6.7	8.2	0
	6.9	8.2	0
	6.9	8.2	0

	6.1	8.8	0
	6.1	8.8	15.1735
	6.3	8.8	15.1735
	6.3	8.8	0
	6.7	8.8	0
	6.7	8.8	0
	6.9	8.8	0
	6.9	8.8	0


	6.1	10.2	0
	6.1	10.2	14.9538
	6.3	10.2	14.9538
	6.3	10.2	0
	6.7	10.2	0
	6.7	10.2	0
	6.9	10.2	0
	6.9	10.2	0

	6.1	10.8	0
	6.1	10.8	14.9538
	6.3	10.8	14.9538
	6.3	10.8	0
	6.7	10.8	0
	6.7	10.8	0
	6.9	10.8	0
	6.9	10.8	0


	6.1	12.2	0
	6.1	12.2	82.5863
	6.3	12.2	82.5863
	6.3	12.2	0
	6.7	12.2	0
	6.7	12.2	0
	6.9	12.2	0
	6.9	12.2	0

	6.1	12.8	0
	6.1	12.8	82.5863
	6.3	12.8	82.5863
	6.3	12.8	0
	6.7	12.8	0
	6.7	12.8	0
	6.9	12.8	0
	6.9	12.8	0


	7.1	0.2	0
	7.1	0.2	0
	7.3	0.2	0
	7.3	0.2	0
	7.7	0.2	0
	7.7	0.2	0
	7.9	0.2	0
	7.9	0.2	0

	7.1	0.8	0
	7.1	0.8	0
	7.3	0.8	0
	7.3	0.8	0
	7.7	0.8	0
	7.7	0.8	0
	7.9	0.8	0
	7.9	0.8	0


	7.1	2.2	0
	7.1	2.2	0
	7.3	2.2	0
	7.3	2.2	0
	7.7	2.2	0
	7.7	2.2	0
	7.9	2.2	0
	7.9	2.2	0

	7.1	2.8	0
	7.1	2.8	0
	7.3	2.8	0
	7.3	2.8	0
	7.7	2.8	0
	7.7	2.8	0
	7.9	2.8	0
	7.9	2.8	0


	7.1	4.2	0
	7.1	4.2	0
	7.3	4.2	0
	7.3	4.2	0
	7.7	4.2	0
	7.7	4.2	0
	7.9	4.2	0
	7.9	4.2	0

	7.1	4.8	0
	7.1	4.8	0
	7.3	4.8	0
	7.3	4.8	0
	7.7	4.8	0
	7.7	4.8	0
	7.9	4.8	0
	7.9	4.8	0


	7.1	6.2	0
	7.1	6.2	0
	7.3	6.2	0
	7.3	6.2	0
	7.7	6.2	0
	7.7	6.2	0
	7.9	6.2	0
	7.9	6.2	0

	7.1	6.8	0
	7.1	6.8	0
	7.3	6.8	0
	7.3	6.8	0
	7.7	6.8	0
	7.7	6.8	0
	7.9	6.8	0
	7.9	6.8	0


	7.1	8.2	0
	7.1	8.2	0
	7.3	8.2	0
	7.3	8.2	0
	7.7	8.2	0
	7.7	8.2	0
	7.9	8.2	0
	7.9	8.2	0

	7.1	8.8	0
	7.1	8.8	0
	7.3	8.8	0
	7.3	8.8	0
	7.7	8.8	0
	7.7	8.8	0
	7.9	8.8	0
	7.9	8.8	0


	7.1	10.2	0
	7.1	10.2	0
	7.3	10.2	0
	7.3	10.2	0
	7.7	10.2	0
	7.7	10.2	0
	7.9	10.2	0
	7.9	10.2	0

	7.1	10.8	0
	7.1	10.8	0
	7.3	10.8	0
	7.3	10.8	0
	7.7	10.8	0
	7.7	10.8	0
	7.9	10.8	0
	7.9	10.8	0


	7.1	12.2	0
	7.1	12.2	0
	7.3	12.2	0
	7.3	12.2	0
	7.7	12.2	0
	7.7	12.2	0
	7.9	12.2	0
	7.9	12.2	0

	7.1	12.8	0
	7.1	12.8	0
	7.3	12.8	0
	7.3	12.8	0
	7.7	12.8	0
	7.7	12.8	0
	7.9	12.8	0
	7.9	12.8	0


