	0.1	0.2	0
	0.1	0.2	0
	0.3	0.2	0
	0.3	0.2	0
	0.7	0.2	0
	0.7	0.2	0.166649
	0.9	0.2	0.166649
	0.9	0.2	0

	0.1	0.8	0
	0.1	0.8	0
	0.3	0.8	0
	0.3	0.8	0
	0.7	0.8	0
	0.7	0.8	0.166649
	0.9	0.8	0.166649
	0.9	0.8	0


	0.1	2.2	0
	0.1	2.2	0
	0.3	2.2	0
	0.3	2.2	0
	0.7	2.2	0
	0.7	2.2	0
	0.9	2.2	0
	0.9	2.2	0

	0.1	2.8	0
	0.1	2.8	0
	0.3	2.8	0
	0.3	2.8	0
	0.7	2.8	0
	0.7	2.8	0
	0.9	2.8	0
	0.9	2.8	0


	0.1	4.2	0
	0.1	4.2	0
	0.3	4.2	0
	0.3	4.2	0
	0.7	4.2	0
	0.7	4.2	0
	0.9	4.2	0
	0.9	4.2	0

	0.1	4.8	0
	0.1	4.8	0
	0.3	4.8	0
	0.3	4.8	0
	0.7	4.8	0
	0.7	4.8	0
	0.9	4.8	0
	0.9	4.8	0


	0.1	6.2	0
	0.1	6.2	0
	0.3	6.2	0
	0.3	6.2	0
	0.7	6.2	0
	0.7	6.2	0
	0.9	6.2	0
	0.9	6.2	0

	0.1	6.8	0
	0.1	6.8	0
	0.3	6.8	0
	0.3	6.8	0
	0.7	6.8	0
	0.7	6.8	0
	0.9	6.8	0
	0.9	6.8	0


	0.1	8.2	0
	0.1	8.2	3.40571
	0.3	8.2	3.40571
	0.3	8.2	0
	0.7	8.2	0
	0.7	8.2	0
	0.9	8.2	0
	0.9	8.2	0

	0.1	8.8	0
	0.1	8.8	3.40571
	0.3	8.8	3.40571
	0.3	8.8	0
	0.7	8.8	0
	0.7	8.8	0
	0.9	8.8	0
	0.9	8.8	0


	0.1	10.2	0
	0.1	10.2	0
	0.3	10.2	0
	0.3	10.2	0
	0.7	10.2	0
	0.7	10.2	0
	0.9	10.2	0
	0.9	10.2	0

	0.1	10.8	0
	0.1	10.8	0
	0.3	10.8	0
	0.3	10.8	0
	0.7	10.8	0
	0.7	10.8	0
	0.9	10.8	0
	0.9	10.8	0


	0.1	12.2	0
	0.1	12.2	0
	0.3	12.2	0
	0.3	12.2	0
	0.7	12.2	0
	0.7	12.2	0
	0.9	12.2	0
	0.9	12.2	0

	0.1	12.8	0
	0.1	12.8	0
	0.3	12.8	0
	0.3	12.8	0
	0.7	12.8	0
	0.7	12.8	0
	0.9	12.8	0
	0.9	12.8	0


	1.1	0.2	0
	1.1	0.2	0
	1.3	0.2	0
	1.3	0.2	0
	1.7	0.2	0
	1.7	0.2	0.401338
	1.9	0.2	0.401338
	1.9	0.2	0

	1.1	0.8	0
	1.1	0.8	0
	1.3	0.8	0
	1.3	0.8	0
	1.7	0.8	0
	1.7	0.8	0.401338
	1.9	0.8	0.401338
	1.9	0.8	0


	1.1	2.2	0
	1.1	2.2	0
	1.3	2.2	0
	1.3	2.2	0
	1.7	2.2	0
	1.7	2.2	3.33333
	1.9	2.2	3.33333
	1.9	2.2	0

	1.1	2.8	0
	1.1	2.8	0
	1.3	2.8	0
	1.3	2.8	0
	1.7	2.8	0
	1.7	2.8	3.33333
	1.9	2.8	3.33333
	1.9	2.8	0


	1.1	4.2	0
	1.1	4.2	0
	1.3	4.2	0
	1.3	4.2	0
	1.7	4.2	0
	1.7	4.2	2.5
	1.9	4.2	2.5
	1.9	4.2	0

	1.1	4.8	0
	1.1	4.8	0
	1.3	4.8	0
	1.3	4.8	0
	1.7	4.8	0
	1.7	4.8	2.5
	1.9	4.8	2.5
	1.9	4.8	0


	1.1	6.2	0
	1.1	6.2	0
	1.3	6.2	0
	1.3	6.2	0
	1.7	6.2	0
	1.7	6.2	2.5
	1.9	6.2	2.5
	1.9	6.2	0

	1.1	6.8	0
	1.1	6.8	0
	1.3	6.8	0
	1.3	6.8	0
	1.7	6.8	0
	1.7	6.8	2.5
	1.9	6.8	2.5
	1.9	6.8	0


	1.1	8.2	0
	1.1	8.2	3.24997
	1.3	8.2	3.24997
	1.3	8.2	0
	1.7	8.2	0
	1.7	8.2	0
	1.9	8.2	0
	1.9	8.2	0

	1.1	8.8	0
	1.1	8.8	3.24997
	1.3	8.8	3.24997
	1.3	8.8	0
	1.7	8.8	0
	1.7	8.8	0
	1.9	8.8	0
	1.9	8.8	0


	1.1	10.2	0
	1.1	10.2	0
	1.3	10.2	0
	1.3	10.2	0
	1.7	10.2	0
	1.7	10.2	0
	1.9	10.2	0
	1.9	10.2	0

	1.1	10.8	0
	1.1	10.8	0
	1.3	10.8	0
	1.3	10.8	0
	1.7	10.8	0
	1.7	10.8	0
	1.9	10.8	0
	1.9	10.8	0


	1.1	12.2	0
	1.1	12.2	0
	1.3	12.2	0
	1.3	12.2	0
	1.7	12.2	0
	1.7	12.2	0
	1.9	12.2	0
	1.9	12.2	0

	1.1	12.8	0
	1.1	12.8	0
	1.3	12.8	0
	1.3	12.8	0
	1.7	12.8	0
	1.7	12.8	0
	1.9	12.8	0
	1.9	12.8	0


	2.1	0.2	0
	2.1	0.2	0
	2.3	0.2	0
	2.3	0.2	0
	2.7	0.2	0
	2.7	0.2	2.06441
	2.9	0.2	2.06441
	2.9	0.2	0

	2.1	0.8	0
	2.1	0.8	0
	2.3	0.8	0
	2.3	0.8	0
	2.7	0.8	0
	2.7	0.8	2.06441
	2.9	0.8	2.06441
	2.9	0.8	0


	2.1	2.2	0
	2.1	2.2	0
	2.3	2.2	0
	2.3	2.2	0
	2.7	2.2	0
	2.7	2.2	0.0436575
	2.9	2.2	0.0436575
	2.9	2.2	0

	2.1	2.8	0
	2.1	2.8	0
	2.3	2.8	0
	2.3	2.8	0
	2.7	2.8	0
	2.7	2.8	0.0436575
	2.9	2.8	0.0436575
	2.9	2.8	0


	2.1	4.2	0
	2.1	4.2	0
	2.3	4.2	0
	2.3	4.2	0
	2.7	4.2	0
	2.7	4.2	0.0146771
	2.9	4.2	0.0146771
	2.9	4.2	0

	2.1	4.8	0
	2.1	4.8	0
	2.3	4.8	0
	2.3	4.8	0
	2.7	4.8	0
	2.7	4.8	0.0146771
	2.9	4.8	0.0146771
	2.9	4.8	0


	2.1	6.2	0
	2.1	6.2	0
	2.3	6.2	0
	2.3	6.2	0
	2.7	6.2	0
	2.7	6.2	4.38095
	2.9	6.2	4.38095
	2.9	6.2	0

	2.1	6.8	0
	2.1	6.8	0
	2.3	6.8	0
	2.3	6.8	0
	2.7	6.8	0
	2.7	6.8	4.38095
	2.9	6.8	4.38095
	2.9	6.8	0


	2.1	8.2	0
	2.1	8.2	11.8355
	2.3	8.2	11.8355
	2.3	8.2	0
	2.7	8.2	0
	2.7	8.2	0
	2.9	8.2	0
	2.9	8.2	0

	2.1	8.8	0
	2.1	8.8	11.8355
	2.3	8.8	11.8355
	2.3	8.8	0
	2.7	8.8	0
	2.7	8.8	0
	2.9	8.8	0
	2.9	8.8	0


	2.1	10.2	0
	2.1	10.2	0
	2.3	10.2	0
	2.3	10.2	0
	2.7	10.2	0
	2.7	10.2	0
	2.9	10.2	0
	2.9	10.2	0

	2.1	10.8	0
	2.1	10.8	0
	2.3	10.8	0
	2.3	10.8	0
	2.7	10.8	0
	2.7	10.8	0
	2.9	10.8	0
	2.9	10.8	0


	2.1	12.2	0
	2.1	12.2	0
	2.3	12.2	0
	2.3	12.2	0
	2.7	12.2	0
	2.7	12.2	0
	2.9	12.2	0
	2.9	12.2	0

	2.1	12.8	0
	2.1	12.8	0
	2.3	12.8	0
	2.3	12.8	0
	2.7	12.8	0
	2.7	12.8	0
	2.9	12.8	0
	2.9	12.8	0


	3.1	0.2	0
	3.1	0.2	0
	3.3	0.2	0
	3.3	0.2	0
	3.7	0.2	0
	3.7	0.2	3.56424
	3.9	0.2	3.56424
	3.9	0.2	0

	3.1	0.8	0
	3.1	0.8	0
	3.3	0.8	0
	3.3	0.8	0
	3.7	0.8	0
	3.7	0.8	3.56424
	3.9	0.8	3.56424
	3.9	0.8	0


	3.1	2.2	0
	3.1	2.2	0
	3.3	2.2	0
	3.3	2.2	0
	3.7	2.2	0
	3.7	2.2	0.395754
	3.9	2.2	0.395754
	3.9	2.2	0

	3.1	2.8	0
	3.1	2.8	0
	3.3	2.8	0
	3.3	2.8	0
	3.7	2.8	0
	3.7	2.8	0.395754
	3.9	2.8	0.395754
	3.9	2.8	0


	3.1	4.2	0
	3.1	4.2	0
	3.3	4.2	0
	3.3	4.2	0
	3.7	4.2	0
	3.7	4.2	0.12963
	3.9	4.2	0.12963
	3.9	4.2	0

	3.1	4.8	0
	3.1	4.8	0
	3.3	4.8	0
	3.3	4.8	0
	3.7	4.8	0
	3.7	4.8	0.12963
	3.9	4.8	0.12963
	3.9	4.8	0


	3.1	6.2	0
	3.1	6.2	0
	3.3	6.2	0
	3.3	6.2	0
	3.7	6.2	0
	3.7	6.2	0.0557686
	3.9	6.2	0.0557686
	3.9	6.2	0

	3.1	6.8	0
	3.1	6.8	0
	3.3	6.8	0
	3.3	6.8	0
	3.7	6.8	0
	3.7	6.8	0.0557686
	3.9	6.8	0.0557686
	3.9	6.8	0


	3.1	8.2	0
	3.1	8.2	0
	3.3	8.2	0
	3.3	8.2	0
	3.7	8.2	0
	3.7	8.2	0
	3.9	8.2	0
	3.9	8.2	0

	3.1	8.8	0
	3.1	8.8	0
	3.3	8.8	0
	3.3	8.8	0
	3.7	8.8	0
	3.7	8.8	0
	3.9	8.8	0
	3.9	8.8	0


	3.1	10.2	0
	3.1	10.2	0
	3.3	10.2	0
	3.3	10.2	0
	3.7	10.2	0
	3.7	10.2	0
	3.9	10.2	0
	3.9	10.2	0

	3.1	10.8	0
	3.1	10.8	0
	3.3	10.8	0
	3.3	10.8	0
	3.7	10.8	0
	3.7	10.8	0
	3.9	10.8	0
	3.9	10.8	0


	3.1	12.2	0
	3.1	12.2	0
	3.3	12.2	0
	3.3	12.2	0
	3.7	12.2	0
	3.7	12.2	0
	3.9	12.2	0
	3.9	12.2	0

	3.1	12.8	0
	3.1	12.8	0
	3.3	12.8	0
	3.3	12.8	0
	3.7	12.8	0
	3.7	12.8	0
	3.9	12.8	0
	3.9	12.8	0


	4.1	0.2	0
	4.1	0.2	0
	4.3	0.2	0
	4.3	0.2	0
	4.7	0.2	0
	4.7	0.2	6.75372
	4.9	0.2	6.75372
	4.9	0.2	0

	4.1	0.8	0
	4.1	0.8	0
	4.3	0.8	0
	4.3	0.8	0
	4.7	0.8	0
	4.7	0.8	6.75372
	4.9	0.8	6.75372
	4.9	0.8	0


	4.1	2.2	0
	4.1	2.2	0
	4.3	2.2	0
	4.3	2.2	0
	4.7	2.2	0
	4.7	2.2	11.8193
	4.9	2.2	11.8193
	4.9	2.2	0

	4.1	2.8	0
	4.1	2.8	0
	4.3	2.8	0
	4.3	2.8	0
	4.7	2.8	0
	4.7	2.8	11.8193
	4.9	2.8	11.8193
	4.9	2.8	0


	4.1	4.2	0
	4.1	4.2	3.01587
	4.3	4.2	3.01587
	4.3	4.2	0
	4.7	4.2	0
	4.7	4.2	11.9602
	4.9	4.2	11.9602
	4.9	4.2	0

	4.1	4.8	0
	4.1	4.8	3.01587
	4.3	4.8	3.01587
	4.3	4.8	0
	4.7	4.8	0
	4.7	4.8	11.9602
	4.9	4.8	11.9602
	4.9	4.8	0


	4.1	6.2	0
	4.1	6.2	5.9633
	4.3	6.2	5.9633
	4.3	6.2	0
	4.7	6.2	0
	4.7	6.2	12.2084
	4.9	6.2	12.2084
	4.9	6.2	0

	4.1	6.8	0
	4.1	6.8	5.9633
	4.3	6.8	5.9633
	4.3	6.8	0
	4.7	6.8	0
	4.7	6.8	12.2084
	4.9	6.8	12.2084
	4.9	6.8	0


	4.1	8.2	0
	4.1	8.2	3.04674
	4.3	8.2	3.04674
	4.3	8.2	0
	4.7	8.2	0
	4.7	8.2	0
	4.9	8.2	0
	4.9	8.2	0

	4.1	8.8	0
	4.1	8.8	3.04674
	4.3	8.8	3.04674
	4.3	8.8	0
	4.7	8.8	0
	4.7	8.8	0
	4.9	8.8	0
	4.9	8.8	0


	4.1	10.2	0
	4.1	10.2	3.0005
	4.3	10.2	3.0005
	4.3	10.2	0
	4.7	10.2	0
	4.7	10.2	0
	4.9	10.2	0
	4.9	10.2	0

	4.1	10.8	0
	4.1	10.8	3.0005
	4.3	10.8	3.0005
	4.3	10.8	0
	4.7	10.8	0
	4.7	10.8	0
	4.9	10.8	0
	4.9	10.8	0


	4.1	12.2	0
	4.1	12.2	3.0334
	4.3	12.2	3.0334
	4.3	12.2	0
	4.7	12.2	0
	4.7	12.2	0
	4.9	12.2	0
	4.9	12.2	0

	4.1	12.8	0
	4.1	12.8	3.0334
	4.3	12.8	3.0334
	4.3	12.8	0
	4.7	12.8	0
	4.7	12.8	0
	4.9	12.8	0
	4.9	12.8	0


	5.1	0.2	0
	5.1	0.2	0
	5.3	0.2	0
	5.3	0.2	0
	5.7	0.2	0
	5.7	0.2	0
	5.9	0.2	0
	5.9	0.2	0

	5.1	0.8	0
	5.1	0.8	0
	5.3	0.8	0
	5.3	0.8	0
	5.7	0.8	0
	5.7	0.8	0
	5.9	0.8	0
	5.9	0.8	0


	5.1	2.2	0
	5.1	2.2	0
	5.3	2.2	0
	5.3	2.2	0
	5.7	2.2	0
	5.7	2.2	0
	5.9	2.2	0
	5.9	2.2	0

	5.1	2.8	0
	5.1	2.8	0
	5.3	2.8	0
	5.3	2.8	0
	5.7	2.8	0
	5.7	2.8	0
	5.9	2.8	0
	5.9	2.8	0


	5.1	4.2	0
	5.1	4.2	0
	5.3	4.2	0
	5.3	4.2	0
	5.7	4.2	0
	5.7	4.2	0
	5.9	4.2	0
	5.9	4.2	0

	5.1	4.8	0
	5.1	4.8	0
	5.3	4.8	0
	5.3	4.8	0
	5.7	4.8	0
	5.7	4.8	0
	5.9	4.8	0
	5.9	4.8	0


	5.1	6.2	0
	5.1	6.2	0
	5.3	6.2	0
	5.3	6.2	0
	5.7	6.2	0
	5.7	6.2	0
	5.9	6.2	0
	5.9	6.2	0

	5.1	6.8	0
	5.1	6.8	0
	5.3	6.8	0
	5.3	6.8	0
	5.7	6.8	0
	5.7	6.8	0
	5.9	6.8	0
	5.9	6.8	0


	5.1	8.2	0
	5.1	8.2	0
	5.3	8.2	0
	5.3	8.2	0
	5.7	8.2	0
	5.7	8.2	0
	5.9	8.2	0
	5.9	8.2	0

	5.1	8.8	0
	5.1	8.8	0
	5.3	8.8	0
	5.3	8.8	0
	5.7	8.8	0
	5.7	8.8	0
	5.9	8.8	0
	5.9	8.8	0


	5.1	10.2	0
	5.1	10.2	0
	5.3	10.2	0
	5.3	10.2	0
	5.7	10.2	0
	5.7	10.2	0
	5.9	10.2	0
	5.9	10.2	0

	5.1	10.8	0
	5.1	10.8	0
	5.3	10.8	0
	5.3	10.8	0
	5.7	10.8	0
	5.7	10.8	0
	5.9	10.8	0
	5.9	10.8	0


	5.1	12.2	0
	5.1	12.2	0
	5.3	12.2	0
	5.3	12.2	0
	5.7	12.2	0
	5.7	12.2	0
	5.9	12.2	0
	5.9	12.2	0

	5.1	12.8	0
	5.1	12.8	0
	5.3	12.8	0
	5.3	12.8	0
	5.7	12.8	0
	5.7	12.8	0
	5.9	12.8	0
	5.9	12.8	0


	6.1	0.2	0
	6.1	0.2	0
	6.3	0.2	0
	6.3	0.2	0
	6.7	0.2	0
	6.7	0.2	0
	6.9	0.2	0
	6.9	0.2	0

	6.1	0.8	0
	6.1	0.8	0
	6.3	0.8	0
	6.3	0.8	0
	6.7	0.8	0
	6.7	0.8	0
	6.9	0.8	0
	6.9	0.8	0


	6.1	2.2	0
	6.1	2.2	0
	6.3	2.2	0
	6.3	2.2	0
	6.7	2.2	0
	6.7	2.2	0
	6.9	2.2	0
	6.9	2.2	0

	6.1	2.8	0
	6.1	2.8	0
	6.3	2.8	0
	6.3	2.8	0
	6.7	2.8	0
	6.7	2.8	0
	6.9	2.8	0
	6.9	2.8	0


	6.1	4.2	0
	6.1	4.2	0
	6.3	4.2	0
	6.3	4.2	0
	6.7	4.2	0
	6.7	4.2	0
	6.9	4.2	0
	6.9	4.2	0

	6.1	4.8	0
	6.1	4.8	0
	6.3	4.8	0
	6.3	4.8	0
	6.7	4.8	0
	6.7	4.8	0
	6.9	4.8	0
	6.9	4.8	0


	6.1	6.2	0
	6.1	6.2	0.376884
	6.3	6.2	0.376884
	6.3	6.2	0
	6.7	6.2	0
	6.7	6.2	0
	6.9	6.2	0
	6.9	6.2	0

	6.1	6.8	0
	6.1	6.8	0.376884
	6.3	6.8	0.376884
	6.3	6.8	0
	6.7	6.8	0
	6.7	6.8	0
	6.9	6.8	0
	6.9	6.8	0


	6.1	8.2	0
	6.1	8.2	0.589651
	6.3	8.2	0.589651
	6.3	8.2	0
	6.7	8.2	0
	6.7	8.2	0
	6.9	8.2	0
	6.9	8.2	0

	6.1	8.8	0
	6.1	8.8	0.589651
	6.3	8.8	0.589651
	6.3	8.8	0
	6.7	8.8	0
	6.7	8.8	0
	6.9	8.8	0
	6.9	8.8	0


	6.1	10.2	0
	6.1	10.2	0.750787
	6.3	10.2	0.750787
	6.3	10.2	0
	6.7	10.2	0
	6.7	10.2	0
	6.9	10.2	0
	6.9	10.2	0

	6.1	10.8	0
	6.1	10.8	0.750787
	6.3	10.8	0.750787
	6.3	10.8	0
	6.7	10.8	0
	6.7	10.8	0
	6.9	10.8	0
	6.9	10.8	0


	6.1	12.2	0
	6.1	12.2	1.01189
	6.3	12.2	1.01189
	6.3	12.2	0
	6.7	12.2	0
	6.7	12.2	0
	6.9	12.2	0
	6.9	12.2	0

	6.1	12.8	0
	6.1	12.8	1.01189
	6.3	12.8	1.01189
	6.3	12.8	0
	6.7	12.8	0
	6.7	12.8	0
	6.9	12.8	0
	6.9	12.8	0


	7.1	0.2	0
	7.1	0.2	0
	7.3	0.2	0
	7.3	0.2	0
	7.7	0.2	0
	7.7	0.2	0
	7.9	0.2	0
	7.9	0.2	0

	7.1	0.8	0
	7.1	0.8	0
	7.3	0.8	0
	7.3	0.8	0
	7.7	0.8	0
	7.7	0.8	0
	7.9	0.8	0
	7.9	0.8	0


	7.1	2.2	0
	7.1	2.2	0
	7.3	2.2	0
	7.3	2.2	0
	7.7	2.2	0
	7.7	2.2	0
	7.9	2.2	0
	7.9	2.2	0

	7.1	2.8	0
	7.1	2.8	0
	7.3	2.8	0
	7.3	2.8	0
	7.7	2.8	0
	7.7	2.8	0
	7.9	2.8	0
	7.9	2.8	0


	7.1	4.2	0
	7.1	4.2	0
	7.3	4.2	0
	7.3	4.2	0
	7.7	4.2	0
	7.7	4.2	0
	7.9	4.2	0
	7.9	4.2	0

	7.1	4.8	0
	7.1	4.8	0
	7.3	4.8	0
	7.3	4.8	0
	7.7	4.8	0
	7.7	4.8	0
	7.9	4.8	0
	7.9	4.8	0


	7.1	6.2	0
	7.1	6.2	0
	7.3	6.2	0
	7.3	6.2	0
	7.7	6.2	0
	7.7	6.2	0
	7.9	6.2	0
	7.9	6.2	0

	7.1	6.8	0
	7.1	6.8	0
	7.3	6.8	0
	7.3	6.8	0
	7.7	6.8	0
	7.7	6.8	0
	7.9	6.8	0
	7.9	6.8	0


	7.1	8.2	0
	7.1	8.2	0
	7.3	8.2	0
	7.3	8.2	0
	7.7	8.2	0
	7.7	8.2	0
	7.9	8.2	0
	7.9	8.2	0

	7.1	8.8	0
	7.1	8.8	0
	7.3	8.8	0
	7.3	8.8	0
	7.7	8.8	0
	7.7	8.8	0
	7.9	8.8	0
	7.9	8.8	0


	7.1	10.2	0
	7.1	10.2	0
	7.3	10.2	0
	7.3	10.2	0
	7.7	10.2	0
	7.7	10.2	0
	7.9	10.2	0
	7.9	10.2	0

	7.1	10.8	0
	7.1	10.8	0
	7.3	10.8	0
	7.3	10.8	0
	7.7	10.8	0
	7.7	10.8	0
	7.9	10.8	0
	7.9	10.8	0


	7.1	12.2	0
	7.1	12.2	0
	7.3	12.2	0
	7.3	12.2	0
	7.7	12.2	0
	7.7	12.2	0
	7.9	12.2	0
	7.9	12.2	0

	7.1	12.8	0
	7.1	12.8	0
	7.3	12.8	0
	7.3	12.8	0
	7.7	12.8	0
	7.7	12.8	0
	7.9	12.8	0
	7.9	12.8	0


