Tile ID						Power estimation

0						0.00240206
1						0.00195458
2						0.0102362
3						0.00833538
4						0.00545033
5						0
6						0
7						0
8						0.000355482
9						0.00129945
10						0.00264822
11						0.0051722
12						0.00994285
13						0
14						0
15						0
16						0
17						3.24055e-06
18						2.91649e-05
19						0.000364867
20						0.0102615
21						0
22						0
23						0
24						0
25						3.24055e-06
26						0.0121157
27						0.012035
28						0.0220335
29						0.0115283
30						0.000194433
31						0
32						0.00280073
33						0.00549726
34						0.0157604
35						0.000710237
36						0.0139913
37						0.00186382
38						0.000317574
39						0
40						0.0150514
41						0.0122255
42						0.00956986
43						0
44						0.00398906
45						0.000565978
46						0.000667726
47						0
48						0
49						0
50						0
51						0
52						0.0034023
53						0.000557655
54						0.000832594
55						0
56						0
57						0
58						0
59						0
60						0.00290074
61						0.0029768
62						0.00384465
63						0


Total Netwok Power(In Watt):0.213891