54
53
52
51
58
57
56
55
54
53
50
58
55
54
53
70
61
60
53
48
62
61
68
79
66
65
52
64
63
62
61
58
55
54
58
55
70
51
62
49
64
59
56
62
51
60
59
52
58
60
59
58
66
66
58
67
66
53
266
234
253
250
245
248
259
238
235
237
78
75
72
71
164
154
285
150
167
256
237
224
211
301
102
117
116
113
106
367
407
415
407
310
251
244
243
240
239
332
443
451
477
292
497
307
306
305
304
549
553
565
635
573
454
431
440
509
522
655
520
585
693
462
567
597
494
589
736
649
766
765
748
747
501
496
495
286
281
280
277
294
289
88
99
88
95
84
77
76
98
88
129
96
95
88
87
86
105
90
127
90
129
90
99
98
107
98
107
852
759
98
135
104
103
98
85
110
769
104
149
92
91
116
99
118
161
88
132
171
134
173
187
266
188
175
875
294
279
278
265
256
201
181
205
911
1065
220
911
227
224
223
222
221
222
229
222
221
80
232
231
230
89
84
83
89
80
85
84
83
92
979
979
993
999
358
371
1156
1077
966
1049
378
995
156
189
1009
1084
1166
964
957
729
1168
1159
997
1174
1082
1233
1182
402
379
226
515
484
1099
1241
210
1198
213
212
209
210
1287
1124
212
220
215
206
205
80
1041
234
87
1218
87
214
1131
74
85
84
83
80
1049
85
84
84
849
88
85
84
96
85
84
85
82
80
547
1158
81
85
84
1259
84
84
85
1184
85
85
84
84
147
84
84
83
1220
1347
110
85
82
80
80
1367
1204
81
85
84
109
84
83
84
85
114
1211
86
85
84
84
81
1230
85
82
83
84
1328
85
84
84
82
623
1234
83
85
84
121
84
82
83
1358
1217
108
1347
108
85
84
84
84
635
88
85
85
84
84
84
1447
666
85
85
85
84
1373
84
82
82
83
114
83
81
80
107
484
697
82
83
82
126
83
82
83
82
519
110
83
82
83
82
505
1500
83
82
83
82
499
324
99
1436
83
82
84
541
118
85
84
83
82
97
88
83
80
1439
284
221
86
85
82
84
571
100
85
84
83
82
101
98
80
100
85
84
83
82
82
1599
86
85
84
85
84
83
82
1531
112
1175
84
85
84
83
128
81
80
82
251
226
109
108
85
84
83
81
80
845
82
85
84
83
83
80
649
86
101
82
90
85
84
83
79
80
661
86
85
84
83
80
673
136
85
1554
233
164
101
92
85
84
83
84
527
84
87
85
84
83
533
84
513
90
85
84
117
84
83
82
79
100
1687
82
86
84
83
84
531
82
84
83
520
83
80
84
105
102
99
92
111
84
83
81
80
96
1727
84
85
84
84
83
83
80
82
469
82
84
83
88
83
82
81
84
549
124
107
86
85
84
83
83
78
510
1175
82
84
83
94
83
82
97
86
89
76
84
83
83
80
526
1817
84
85
84
83
478
83
80
82
85
90
83
84
83
83
80
468
507
84
85
84
83
96
83
80
82
97
86
83
84
83
83
80
446
1253
84
85
84
83
96
83
80
82
97
86
83
84
83
83
470
467
84
84
84
83
94
83
81
82
105
82
84
83
83
106
81
84
103
78
84
83
81
350
791
84
84
83
84
83
112
83
82
84
115
266
105
92
84
83
83
80
254
605
82
83
84
83
224
83
78
101
90
89
109
84
83
82
79
214
531
88
85
84
84
83
84
83
92
83
174
503
84
83
84
83
76
81
84
84
1095
82
132
75
84
83
83
80
503
84
85
84
83
83
94
535
82
84
83
94
83
84
101
84
84
83
83
98
81
82
82
105
84
83
83
81
174
535
84
84
84
83
144
83
81
82
117
82
84
83
83
130
81
84
84
123
116
109
84
83
83
114
881
82
84
83
104
83
80
84
103
106
85
80
111
90
81
102
575
96
89
84
83
82
79
1019
86
85
84
81
78
90
527
104
83
82
84
83
82
79
82
86
863
84
83
80
120
85
84
83
84
83
82
107
106
155
82
83
110
107
80
102
83
80
84
831
108
85
84
83
82
109
100
79
84
83
97
114
83
102
81
84
775
84
83
80
83
100
81
80
85
82
82
102
81
82
687
160
131
124
101
81
84
505
84
83
81
104
117
88
84
84
83
80
124
83
85
84
591
84
83
80
81
132
79
140
83
82
82
77
115
84
141
98
81
84
567
84
83
80
79
152
85
104
77
80
84
80
79
96
83
84
83
84
519
84
83
83
160
87
84
84
84
83
138
81
83
84
91
84
173
84
84
83
81
118
81
82
84
615
84
83
81
83
246
169
84
84
84
83
110
81
80
81
82
123
108
84
84
83
83
82
158
83
84
84
583
84
81
81
83
120
97
82
84
84
83
81
104
83
84
84
599
84
83
81
80
81
104
89
82
84
84
83
79
110
81
84
575
84
83
80
81
102
97
106
91
84
84
83
80
98
83
85
84
583
84
83
83
104
87
84
84
84
83
98
83
110
83
84
84
84
595
84
83
81
83
102
84
84
84
83
81
102
81
82
84
617
84
83
81
83
100
105
84
84
84
83
81
102
81
82
84
619
82
79
83
100
89
84
84
84
83
114
81
79
91
88
84
82
79
122
83
84
84
701
84
83
81
81
114
109
82
84
84
83
114
81
83
84
115
108
84
84
83
81
114
81
82
84
727
84
83
81
83
112
101
84
84
84
83
114
81
81
82
91
84
84
83
118
83
84
84
711
84
83
81
81
116
103
82
84
84
83
114
81
83
115
108
84
84
81
114
83
84
83
84
757
84
83
82
114
113
108
105
92
85
84
81
98
709
82
84
83
82
86
691
85
84
82
81
76
79
783
82
90
84
83
83
108
719
84
84
84
81
144
141
80
139
108
99
90
767
82
84
83
83
78
84
607
82
84
83
104
83
82
105
98
91
132
91
84
83
83
80
98
593
84
85
84
83
104
83
80
82
105
98
83
84
83
83
80
99
98
559
84
85
84
83
96
83
80
82
97
86
83
84
83
83
80
102
559
84
85
84
83
88
83
82
84
543
84
85
84
84
83
83
80
86
527
84
85
84
83
78
83
82
78
511
84
85
82
81
80
77
82
87
84
83
83
80
94
487
82
83
84
83
92
79
84
89
84
84
83
83
81
104
479
82
82
84
83
92
83
81
84
105
84
84
83
83
81
102
455
82
82
84
83
92
83
81
84
105
84
84
83
83
81
102
449
82
84
81
96
77
82
101
94
89
84
83
83
110
469
82
84
83
104
83
80
84
103
90
85
108
105
84
83
110
485
82
84
83
104
83
80
84
103
70
85
82
81
115
84
83
102
539
94
83
84
83
82
79
86
503
86
85
84
81
78
96
83
82
84
83
78
83
102
515
86
83
84
81
98
109
80
82
81
98
87
96
84
83
78
85
82
102
591
82
82
81
96
77
80
95
98
89
82
81
77
102
583
82
84
83
102
83
80
82
103
90
83
84
83
83
78
95
82
82
124
84
83
83
80
126
519
82
83
84
83
104
83
78
82
101
106
91
84
83
82
79
96
511
84
89
84
83
84
83
82
77
82
86
509
84
84
83
82
79
84
84
83
84
83
82
77
102
519
86
84
84
83
82
94
511
80
83
84
83
82
97
96
81
84
82
495
83
84
83
82
86
83
84
83
82
97
82
81
83
102
88
84
83
82
80
110
511
88
83
84
83
89
84
83
84
503
100
84
83
90
93
91
90
85
84
83
82
93
100
489
86
81
84
82
81
80
93
92
499
84
83
82
81
96
86
511
100
82
81
92
81
92
82
95
98
83
84
81
93
97
90
527
82
82
81
94
93
82
95
98
91
90
82
81
93
92
543
82
80
96
95
88
91
88
83
86
99
82
547
82
94
89
88
83
74
82
81
98
497
98
83
82
81
96
89
94
86
91
84
115
80
108
97
82
82
495
100
83
78
95
79
103
112
91
90
83
82
110
81
82
487
82
81
80
471
80
93
81
104
131
82
84
84
93
126
103
154
87
124
471
82
81
76
467
81
82
81
114
463
98
94
119
122
177
154
157
86
97
82
81
78
96
455
128
145
140
85
98
89
196
117
90
81
80
96
447
76
80
85
439
96
79
82
81
429
98
83
84
83
122
177
84
95
82
200
135
156
121
80
91
81
118
453
82
82
82
81
93
439
82
81
122
431
98
83
82
81
108
103
98
121
240
81
92
419
82
81
76
91
94
82
82
81
268
447
98
83
182
111
162
161
156
147
86
81
80
473
98
87
86
85
98
81
114
445
84
83
82
80
79
132
95
81
106
447
84
83
138
115
80
326
113
106
93
83
82
81
98
439
84
83
85
84
83
104
80
124
83
82
98
473
102
83
85
84
103
84
98
83
106
385
124
101
92
81
80
98
453
128
83
82
83
82
127
98
501
86
80
85
83
94
81
84
509
118
113
86
85
94
81
136
119
118
149
82
82
81
94
446
79
84
453
84
81
82
445
82
93
81
94
89
104
479
140
123
84
84
83
94
130
81
82
531
82
81
94
81
160
83
84
84
93
88
81
82
511
82
81
94
81
126
103
82
515
154
141
84
84
81
94
108
83
83
84
509
84
83
82
98
83
176
75
536
83
84
84
81
96
139
118
111
96
83
83
84
645
84
83
96
81
150
87
100
84
84
93
574
81
82
523
82
81
96
83
120
85
84
82
82
77
96
123
268
119
92
79
82
599
82
81
81
94
99
82
84
84
93
626
83
138
117
88
83
84
84
541
84
83
83
98
83
160
75
84
85
84
78
95
640
83
130
109
90
533
84
84
85
98
81
82
733
84
79
96
92
79
84
555
84
83
82
93
83
656
123
122
107
86
84
84
81
96
114
127
94
547
84
84
83
575
82
84
116
99
82
82
531
100
83
82
81
80
107
106
121
714
125
84
85
84
95
108
81
84
575
84
83
80
81
100
105
80
83
82
747
86
101
116
81
100
84
541
96
85
84
81
79
101
762
77
84
84
96
83
83
84
565
84
84
81
81
104
81
84
84
205
84
95
204
195
116
773
86
84
83
78
93
549
83
82
84
83
82
139
116
109
88
609
100
85
84
81
838
123
834
115
286
86
575
82
107
84
83
94
93
84
89
84
82
81
860
695
82
84
83
114
83
94
84
119
114
85
84
83
83
80
113
116
109
820
519
82
83
82
81
110
93
86
697
84
83
96
84
83
790
89
84
83
98
517
84
83
85
84
83
84
97
782
463
82
84
83
94
83
82
95
742
789
84
86
85
84
83
83
82
97
441
84
84
84
89
83
82
97
710
447
84
86
84
99
95
88
1047
84
84
84
99
636
83
82
105
88
105
78
77
84
99
93
554
469
84
84
99
498
91
90
97
82
77
446
495
82
84
99
82
93
437
86
85
84
99
94
435
82
82
97
416
95
112
91
90
85
368
463
84
83
84
97
376
95
84
81
82
81
90
84
99
84
95
364
425
82
84
99
88
83
82
95
342
411
84
86
85
84
99
78
83
96
82
89
84
99
83
82
95
246
431
84
86
84
99
81
96
88
407
84
85
84
84
99
242
83
82
99
218
415
84
85
84
84
99
200
81
96
78
367
84
85
84
99
80
83
96
981
84
85
84
99
83
82
98
94
351
84
85
85
84
99
83
80
98
86
351
82
83
84
99
93
84
351
82
84
99
96
83
82
95
343
84
86
85
84
99
81
96
88
679
84
85
84
99
83
82
98
359
84
85
85
84
99
83
96
86
359
84
85
82
99
86
95
82
89
76
84
97
79
100
387
82
82
84
99
96
83
95
117
84
87
76
84
99
78
102
373
92
83
82
84
97
82
111
95
86
583
85
84
84
99
82
83
98
82
81
84
99
83
74
98
367
102
85
84
95
90
83
96
86
345
84
83
84
99
84
83
98
455
84
83
85
84
99
84
97
86
431
84
83
82
99
86
80
97
86
329
82
81
82
97
78
82
98
335
82
81
84
97
84
86
319
82
84
99
108
89
84
83
82
97
303
82
84
99
83
94
94
303
84
85
84
99
82
79
82
89
82
82
99
84
79
84
110
303
94
87
82
83
82
107
78
93
287
83
82
84
97
82
95
82
283
80
83
84
99
78
85
96
86
271
83
82
84
97
82
95
86
255
85
84
84
99
82
83
98
253
85
84
84
99
82
83
98
94
245
80
83
80
99
87
86
84
231
102
83
82
84
95
85
96
245
84
83
82
99
82
97
94
215
82
81
84
97
102
95
84
83
98
215
84
83
84
84
99
82
97
191
84
81
84
99
82
96
179
84
83
83
84
99
110
84
98
86
167
84
83
84
99
94
84
81
86
137
82
81
84
99
84
95
84
137
82
84
99
88
83
82
89
88
77
84
99
114
143
82
84
99
94
83
82
117
98
103
108
91
84
99
83
94
102
151
84
85
84
99
96
83
82
81
76
94
143
82
82
99
86
93
87
89
84
97
82
79
102
143
88
99
84
83
82
99
82
81
92
149
100
83
84
97
80
93
84
81
127
82
81
78
84
99
94
82
111
82
82
99
88
81
96
84
103
82
83
82
97
81
94
109
84
83
86
84
97
83
96
79
86
109
84
84
99
83
80
97
86
95
82
84
84
99
83
82
95
79
84
84
99
83
80
97
94
87
80
84
99
92
83
82
93
84
86
84
99
83
82
97
94
84
84
84
99
90
86
89
84
83
84
99
111
84
97
90
87
76
84
99
96
95
84
83
84
97
120
101
84
97
84
83
120
99
92
84
99
84
81
95
82
81
82
99
110
97
94
82
88
75
84
97
83
80
108
103
82
83
82
99
104
93
82
117
90
89
76
84
97
79
108
91
82
82
84
97
104
83
95
84
117
84
84
99
83
81
102
95
82
82
84
99
110
83
95
84
105
84
84
99
83
81
102
95
82
82
82
99
110
93
82
105
90
89
76
82
97
108
95
82
84
97
102
83
82
103
102
91
101
84
99
83
100
131
82
84
99
96
83
94
84
117
98
85
106
84
99
102
127
82
84
97
104
83
94
84
105
76
85
82
99
113
80
131
102
123
94
103
84
83
82
91
90
86
127
80
79
86
85
80
100
83
80
84
135
94
85
84
93
81
89
86
84
84
83
80
94
81
83
84
159
84
83
94
83
118
85
84
84
83
82
102
83
85
84
84
189
84
83
96
83
118
85
84
84
83
80
102
81
83
84
195
84
83
94
83
118
105
80
85
82
82
102
81
84
223
84
83
94
83
102
85
84
84
83
80
129
116
109
102
81
83
84
223
84
83
94
83
118
105
85
84
84
83
82
98
102
83
85
84
231
84
83
82
98
83
96
83
84
84
81
96
96
79
84
231
84
83
96
81
100
99
88
77
84
84
81
94
102
83
85
84
84
231
84
83
96
79
86
83
84
215
84
83
82
97
79
82
84
82
95
98
207
84
87
90
83
82
82
81
80
91
84
185
84
83
84
83
82
77
84
97
175
84
83
84
83
82
77
84
99
78
159
84
81
80
92
85
84
83
84
83
80
111
88
171
85
84
83
84
84
87
102
85
84
83
80
84
137
75
85
88
105
84
141
82
111
81
96
88
95
92
84
84
83
82
113
94
83
86
85
84
123
84
83
82
111
83
84
84
83
90
83
116
97
86
84
84
83
82
113
99
84
87
84
84
83
82
113
99
84
84
83
90
83
126
99
86
84
84
83
82
129
113
84
87
84
84
83
82
129
115
84
84
83
90
83
130
82
115
85
84
84
83
82
115
85
84
82
151
80
143
129
90
83
82
84
84
81
145
108
129
82
84
97
84
83
83
146
131
98
84
85
84
84
83
145
86
131
84
82
87
82
81
145
131
94
82
84
84
83
100
131
82
93
82
81
144
131
104
167
96
83
84
84
83
82
97
110
129
85
84
84
157
84
83
142
129
88
84
84
83
82
143
100
129
86
85
84
103
84
83
82
143
131
84
84
83
90
83
148
129
86
84
84
83
142
86
131
85
84
87
84
83
82
146
131
85
85
82
82
81
144
92
145
83
82
93
82
147
88
83
82
82
159
82
155
147
81
96
84
84
84
83
124
147
83
84
84
119
82
82
161
145
118
83
84
84
84
191
84
83
161
106
147
83
84
84
84
84
83
163
145
83
84
84
84
81
94
147
84
95
84
83
82
161
147
180
97
86
85
84
84
83
82
161
82
147
84
84
83
82
79
160
86
147
84
84
84
83
82
161
145
86
84
84
83
80
159
94
147
84
84
95
84
83
86
145
166
84
84
87
84
83
161
143
87
82
84
84
83
82
157
102
147
84
84
89
84
83
160
86
145
82
75
84
87
84
81
158
147
85
84
82
82
81
92
145
82
82
93
82
147
182
83
82
82
97
82
161
147
98
97
90
81
84
82
124
147
83
82
203
82
82
161
145
114
81
84
84
191
84
81
147
81
122
115
106
82
82
82
124
143
81
84
187
84
84
83
147
120
83
84
82
82
119
82
145
81
200
89
123
84
84
84
83
194
145
83
84
84
117
84
84
83
161
145
198
83
84
84
84
189
84
159
86
147
83
82
87
82
78
161
145
94
87
84
84
83
82
102
147
85
84
84
171
84
83
82
163
147
84
84
82
81
160
96
147
85
84
82
99
80
159
143
90
95
84
83
84
84
83
84
159
147
84
83
84
84
81
162
143
82
84
84
83
83
162
96
147
82
84
91
82
159
147
88
87
82
84
82
81
160
106
147
85
84
107
84
83
80
162
147
96
83
84
84
83
78
102
145
84
95
84
83
176
139
186
97
90
77
84
84
81
176
100
147
83
84
103
84
83
82
174
145
100
83
82
82
98
145
84
101
190
93
98
97
88
85
94
145
84
187
84
83
176
145
85
84
109
84
83
80
145
180
89
83
82
82
175
110
137
84
84
127
84
83
81
145
104
97
82
84
84
171
98
83
196
147
84
167
84
83
145
98
97
88
83
76
84
84
83
176
194
147
85
84
165
84
83
80
145
96
89
83
84
84
83
194
147
84
84
161
84
83
81
145
104
97
82
84
84
83
98
177
194
147
84
175
84
81
145
98
97
84
83
84
84
83
100
191
178
86
147
84
253
84
83
80
145
96
181
78
75
84
82
175
96
147
84
159
82
147
100
87
182
75
102
101
84
84
83
176
102
147
84
153
84
143
100
91
184
89
86
85
84
82
175
110
139
84
84
175
84
83
145
96
181
90
81
76
82
82
175
100
145
84
84
167
84
83
81
139
180
89
82
84
84
83
177
110
147
84
175
84
83
80
145
104
97
182
83
84
84
83
102
147
84
84
191
84
83
81
145
104
97
82
84
84
83
98
177
194
145
84
80
199
84
89
88
79
176
77
86
145
84
173
82
173
147
88
84
84
83
98
145
84
269
84
83
176
147
196
103
106
87
84
84
83
80
107
84
102
139
83
82
175
82
175
145
196
95
90
89
82
80
76
90
145
82
189
82
175
145
104
95
88
75
107
84
84
83
80
102
145
83
84
199
82
145
196
83
84
84
97
84
81
143
81
200
91
84
84
84
175
122
145
83
84
215
84
84
83
174
145
212
83
84
84
113
84
83
176
147
83
114
84
84
84
83
110
145
83
84
84
231
84
84
83
179
147
196
83
84
84
329
84
84
84
147
180
81
84
231
84
83
176
82
147
80
84
215
82
85
176
80
147
80
81
82
167
82
175
147
87
84
84
83
80
94
145
83
84
159
84
83
176
145
104
85
84
84
83
102
147
82
175
82
175
145
102
105
198
99
92
91
82
82
77
108
145
84
191
84
83
147
198
103
84
82
82
88
91
176
85
102
145
84
207
82
175
145
100
81
84
80
76
86
83
82
102
143
82
317
82
173
147
196
95
88
75
84
84
83
80
102
139
83
84
231
84
83
78
178
147
194
84
84
83
82
102
143
87
84
84
229
84
83
145
194
89
86
86
85
196
145
86
263
86
85
145
194
91
108
183
92
75
84
84
83
112
145
84
287
84
83
176
145
196
97
87
84
84
83
80
102
147
83
84
395
84
83
176
147
198
89
106
84
84
83
190
98
145
87
84
317
84
83
78
194
145
104
83
90
81
82
110
145
80
343
96
85
82
98
97
92
145
84
83
82
341
84
91
86
145
84
327
82
137
214
83
82
82
105
80
243
81
106
97
92
84
84
84
193
226
123
83
84
343
84
84
83
194
131
230
83
84
84
113
84
189
129
114
84
84
83
80
110
131
83
82
351
82
187
131
114
113
216
107
92
91
84
84
83
80
108
131
83
84
361
84
83
190
129
214
79
85
82
82
79
102
129
82
84
383
84
191
129
214
89
106
83
84
84
83
104
131
84
391
84
83
190
129
102
83
80
218
109
82
102
131
80
391
98
89
86
99
84
83
92
129
196
84
375
88
81
80
87
196
131
84
493
84
83
190
92
85
129
85
84
391
84
83
80
94
121
83
84
389
84
83
190
