62
61
60
59
66
65
64
63
70
69
54
53
62
61
54
53
78
81
106
84
90
142
131
116
108
74
189
156
163
162
157
172
171
146
157
104
95
138
147
142
88
108
155
94
110
95
109
162
151
150
103
182
171
144
124
99
116
261
132
183
220
211
206
239
106
105
188
151
98
275
195
156
203
138
200
115
130
123
216
152
218
321
166
209
165
188
165
162
161
158
125
218
135
116
313
138
137
118
113
106
99
126
242
139
133
236
333
122
249
130
127
126
243
375
236
126
347
126
111
110
109
134
257
274
131
126
381
128
395
108
125
98
97
96
121
252
126
423
96
95
90
133
282
125
385
94
93
268
292
98
131
124
291
427
104
103
90
89
128
106
317
322
453
132
465
116
113
112
111
332
105
270
131
433
338
495
112
101
126
113
100
99
266
343
130
497
451
102
101
100
113
88
113
264
139
370
469
419
104
103
110
124
270
141
378
123
388
429
537
126
115
114
285
372
105
122
137
394
381
389
124
119
384
119
138
272
527
271
356
535
132
388
142
533
148
388
511
154
151
298
515
290
397
388
367
292
381
158
290
397
551
190
308
306
419
368
173
158
155
548
561
354
324
385
356
390
340
348
593
156
391
334
155
314
423
336
322
336
320
290
296
665
288
521
689
657
661
673
733
733
727
543
507
487
491
