120
124
117
150
145
139
156
135
164
155
124
152
147
169
176
167
142
129
164
221
173
242
162
219
234
199
249
220
255
257
162
154
149
220
147
158
245
251
236
278
297
258
161
164
267
259
325
248
155
142
152
145
242
376
359
396
265
314
359
147
435
156
410
303
228
463
456
447
176
256
302
157
430
433
162
153
390
203
433
151
428
469
431
464
163
571
160
163
518
288
516
573
456
341
147
278
147
288
181
413
310
426
693
414
403
180
688
659
502
258
175
424
629
188
448
431
412
793
412
621
553
324
699
465
410
411
539
558
421
414
593
482
609
588
455
856
370
439
578
519
441
466
569
540
527
376
533
428
571
426
419
647
643
422
547
850
589
573
811
570
595
848
597
614
1037
656
699
708
748
1039
634
679
919
655
702
808
956
810
867
1113
1078
1224
1191
1065
1224
1462
1269
1284
1398
1390
1162
1367
1423
1287
1259
1446
1368
1902
1754
1503
2170
2261
2073
2708
2384
2549
2572
2402
2406
2387
2420
2424
205
194
2609
2607
2622
2609
3131
3050
3111
2678
466
522
521
2927
542
543
3346
2901
2921
719
740
762
786
883
3147
965
1080
3377
1309
4027
4117
1639
4574
4482
4498
1766
4495
1758
178
210
205
174
1819
203
271
4604
282
242
4603
236
207
200
237
250
298
365
4689
273
296
4689
5085
356
375
343
5096
377
2018
2019
453
4892
4977
5118
520
4837
504
474
4827
570
508
478
2611
4901
2285
5037
711
725
685
823
2451
710
787
2496
815
788
2539
2529
857
985
2614
5670
5657
3167
6348
1579
5953
1722
1706
1697
1711
1710
1872
1866
6465
6766
4129
6976
4336
2217
814
815
808
2381
188
2444
863
185
4223
176
2470
188
183
4238
274
190
2660
172
212
190
2671
378
396
2674
1059
2668
1061
1048
258
2680
2670
391
1063
286
409
260
427
288
2803
286
425
2660
2813
423
412
306
455
441
316
412
346
455
445
410
441
2925
643
1308
614
488
547
2917
1318
683
2912
523
524
695
656
691
5145
695
3066
843
821
810
3182
921
1002
7913
1066
972
1827
1098
1150
1237
1349
1333
1302
8632
1573
8544
1737
1664
1709
9044
2779
1934
1933
1931
1930
1919
200
193
204
1939
2233
2139
2106
6799
4742
6380
466
2478
516
511
510
509
522
567
566
2351
9650
9663
9331
