118
115
120
117
114
111
108
105
102
114
126
119
132
117
106
114
123
136
117
134
122
171
116
122
119
116
174
158
195
140
122
127
133
178
230
134
226
147
148
257
142
142
235
134
224
138
215
126
294
172
129
118
131
311
120
158
125
258
279
150
139
134
131
128
126
286
139
138
272
150
318
291
308
286
326
283
304
169
170
182
407
186
346
354
318
362
370
342
371
354
362
394
327
562
347
392
409
346
410
462
606
762
774
79726
79731
79728
79725
79722
79701
79700
79702
79699
79552
79557
79550
79547
79986
79949
79972
79795
79820
