102
101
100
99
106
105
104
103
100
103
102
101
114
113
115
108
115
120
152
132
125
140
133
132
147
142
173
171
165
150
126
151
142
141
162
168
149
125
208
248
122
239
156
165
205
194
218
139
132
255
130
129
285
243
128
212
220
153
142
148
299
131
274
257
260
279
143
262
304
262
143
198
202
206
282
288
381
233
383
342
512
353
365
452
221
454
226
305
386
470
314
405
462
432
475
386
372
401
559
468
588
609
643
410
413
520
420
602
453
328
328
457
338
146
141
138
132
143
618
128
146
571
140
148
146
149
838
632
771
681
613
628
871
210
215
215
832
210
743
216
128
134
133
661
130
579
135
302
144
680
389
601
150
139
138
157
388
413
405
978
153
142
153
142
169
404
405
154
165
152
143
142
161
154
153
152
151
146
150
139
465
142
138
469
470
142
475
138
460
469
140
469
158
155
802
905
1174
391
384
387
935
1047
545
208
531
853
861
206
205
204
201
200
193
404
671
667
212
209
208
155
154
215
416
671
671
170
167
166
171
154
1139
398
1259
166
165
160
151
154
157
402
409
407
1334
577
1178
563
402
405
405
1374
393
600
1326
264
557
236
399
606
796
647
617
452
669
1338
1351
870
604
805
439
1210
431
662
1414
268
663
268
263
444
471
258
675
126
261
916
258
669
130
125
124
473
414
142
673
667
132
929
138
429
128
135
398
122
675
665
136
138
425
156
1505
136
120
677
665
160
139
138
135
408
145
426
675
667
160
157
154
143
142
141
1386
469
1565
718
159
156
139
146
135
859
696
726
1591
1500
1339
1472
839
1701
828
637
518
331
592
577
516
519
519
910
375
222
225
362
659
394
1648
387
586
395
666
375
383
1206
1173
407
272
269
256
253
390
797
374
931
156
155
150
945
391
376
677
931
158
157
156
155
146
145
1053
156
155
160
151
146
143
406
393
1829
156
155
150
149
142
163
1388
1037
1801
156
153
150
149
144
159
458
791
777
154
159
154
151
150
161
1266
665
657
1906
827
532
521
310
199
678
679
651
590
1183
1988
309
512
293
510
531
665
302
639
616
909
1954
413
668
679
655
577
434
639
1240
915
394
681
675
2052
1189
428
411
314
381
424
665
2115
322
321
320
315
312
145
426
1609
2125
158
153
158
149
142
159
434
829
1045
152
157
150
149
142
159
452
1683
939
158
157
154
151
150
145
454
2095
943
156
161
160
155
152
151
1364
793
817
1196
493
304
809
474
207
1358
1607
302
1277
968
207
2212
275
1316
663
929
1256
239
592
2259
274
283
994
667
1839
710
2331
594
587
724
1337
568
2292
659
2261
288
287
286
285
278
1017
426
659
298
159
156
155
154
151
434
1085
1755
446
159
154
151
150
167
1401
1045
410
153
152
151
168
159
456
1419
1057
162
155
154
151
168
151
458
821
937
1108
519
944
488
821
1502
569
562
1553
586
572
947
1246
2587
495
248
825
252
903
822
969
1518
943
534
503
2516
521
1272
502
843
671
354
961
526
547
342
659
368
345
692
339
278
393
258
961
659
282
299
292
137
290
137
696
969
409
150
155
148
141
140
147
706
1365
713
152
155
152
149
726
1181
1383
171
171
828
1201
1789
193
193
806
1183
509
206
205
204
193
212
217
2768
775
1157
154
153
152
151
142
161
2108
1493
527
160
157
152
151
142
159
532
1573
827
1686
1541
550
539
402
199
388
677
691
396
669
920
362
424
669
665
1892
612
417
424
671
721
1744
489
1632
425
2322
681
1301
288
287
286
285
270
131
122
995
779
154
153
152
151
142
151
476
765
1743
148
147
140
133
130
137
482
1141
869
150
147
142
440
805
651
164
163
153
150
440
665
917
640
625
526
519
664
159
1796
661
917
164
169
1006
529
320
291
939
166
165
148
147
146
145
1598
1219
150
149
528
2587
2066
1739
552
713
1067
738
286
311
384
371
392
661
1287
231
218
267
287
412
661
3315
368
787
1818
633
628
637
3313
1067
396
735
1746
1475
476
469
416
1775
919
292
289
280
887
400
739
3422
931
156
155
154
149
144
153
428
957
158
155
154
149
160
145
446
903
158
153
150
149
160
159
2820
795
983
154
153
1008
823
1838
239
1316
661
929
546
1593
910
1259
238
531
1630
661
959
236
665
236
575
672
2995
2392
667
300
963
1332
1921
1634
691
513
679
1038
2076
1179
1784
551
1626
299
536
365
685
686
414
297
292
285
144
143
2343
684
2819
416
145
158
155
152
147
685
660
1061
418
801
358
409
210
643
669
890
1593
412
195
156
151
160
1079
1225
1268
921
2584
179
2594
223
266
215
1159
1958
921
2504
879
230
447
1892
1669
1181
1622
1188
879
2900
505
780
483
800
1605
596
529
1002
363
316
301
793
526
1035
386
141
282
279
152
151
659
392
673
420
149
148
167
158
145
659
414
671
626
153
142
139
158
903
657
442
671
750
687
382
237
226
665
1049
1108
1387
462
973
204
449
1820
243
1213
480
1067
718
520
503
316
1461
837
2478
999
2496
1199
290
315
302
283
1945
1040
550
147
272
269
158
155
1251
630
809
386
165
156
151
150
141
815
568
669
388
175
150
149
158
167
681
404
1319
478
877
476
257
256
375
681
1268
673
464
663
420
209
208
201
1191
1186
998
733
528
935
306
441
426
317
1397
1052
1037
558
245
240
237
237
1315
1052
1021
528
157
156
143
162
135
1323
526
1337
404
783
172
295
294
143
787
418
797
412
149
156
153
150
147
801
440
679
2904
843
388
678
663
208
207
242
413
466
648
673
940
859
485
244
927
398
2257
926
463
1622
763
880
657
452
1602
985
542
1250
286
723
240
1547
282
793
246
477
226
943
2327
140
265
262
259
130
137
566
2143
1077
150
131
142
585
392
384
779
138
373
597
787
144
401
388
383
324
791
378
426
679
393
170
384
665
648
409
675
252
461
212
225
872
639
503
447
208
205
190
466
551
1935
180
157
152
932
1222
2143
499
285
369
486
251
500
2597
2692
813
3917
2381
282
257
396
403
403
416
3422
588
425
1560
468
515
1138
457
496
949
350
349
334
129
366
419
418
717
1439
152
151
150
141
583
506
813
817
146
143
140
139
128
1042
773
649
461
1501
661
1023
594
231
230
471
196
257
663
222
1554
689
638
635
2182
1919
683
2752
721
1326
285
2572
541
1122
701
272
269
268
127
278
599
1144
903
148
139
132
381
594
598
130
371
391
132
1069
130
375
378
140
399
138
131
374
391
138
1079
130
1085
394
140
136
131
404
134
1033
136
125
130
1300
140
142
913
1094
1751
142
2711
142
151
151
150
140
923
877
144
151
150
129
168
547
1400
163
570
805
798
815
1382
961
1925
164
169
168
592
539
392
395
166
169
188
379
394
394
393
158
375
385
403
148
141
384
379
138
393
374
388
138
403
160
381
142
153
383
1820
403
387
332
231
522
513
512
396
401
391
210
223
348
387
320
527
392
1371
712
1847
722
1617
580
1601
396
1239
394
541
260
561
256
1093
440
789
779
140
279
278
271
268
275
444
661
659
146
139
128
159
818
425
408
415
891
138
387
502
1264
451
1588
537
640
409
400
152
397
746
3993
164
170
911
164
161
154
2059
154
657
675
1358
699
274
187
256
173
656
671
665
272
1927
734
1297
508
493
656
669
659
522
717
254
609
734
1073
1452
1385
673
2966
537
522
531
504
381
678
1033
2005
2926
383
378
355
352
349
686
917
395
304
299
142
141
292
135
400
811
3239
140
157
154
151
158
135
814
427
3960
141
148
405
424
144
141
834
419
852
1021
774
526
1192
859
847
2558
2173
946
524
270
503
576
1227
456
463
866
734
242
1557
238
1269
476
549
1060
979
764
1703
956
484
1305
484
1121
1802
577
1116
959
636
793
789
2198
321
2664
315
266
261
884
673
657
140
265
140
285
284
281
548
659
2489
162
159
156
153
156
147
408
675
665
158
151
169
158
394
401
401
162
171
160
153
400
2807
773
158
157
150
137
180
179
1042
1307
747
154
151
150
159
164
863
2462
1151
765
840
1051
464
337
2206
769
590
1181
915
774
307
319
316
299
516
807
915
307
320
823
2292
530
659
1343
286
835
2298
1683
400
677
426
659
943
296
295
292
937
426
665
665
158
157
156
155
138
309
426
667
1069
150
147
140
137
136
133
444
1399
765
142
155
154
153
152
143
424
771
1353
162
161
156
155
150
155
440
771
2231
170
1437
848
1338
785
450
291
888
783
812
1073
1104
2759
1343
274
799
238
855
664
833
925
526
1224
534
663
640
659
676
905
1518
678
921
868
533
559
706
382
381
668
277
270
381
258
1509
378
270
681
286
681
290
137
374
136
1195
380
413
144
677
2080
661
1562
743
380
330
1045
162
391
407
142
1303
144
159
128
969
400
144
1269
404
425
144
1295
2434
167
152
715
830
174
1095
698
1103
1109
888
169
200
182
1447
462
547
170
507
2762
544
1339
2654
164
783
1984
174
627
2519
176
523
527
176
523
649
378
180
395
188
393
187
290
387
403
648
405
991
287
394
1236
401
270
381
399
2652
403
430
373
404
390
974
399
478
401
1262
1553
431
401
973
413
302
414
284
429
302
255
410
2887
136
332
140
499
428
150
137
302
433
176
777
150
431
154
1119
190
178
647
156
152
447
152
151
192
641
178
955
864
138
609
134
1245
190
887
178
3740
3271
706
620
4202
5993
5907
654
665
2655
606
202
5327
614
2495
529
608
1338
507
590
2660
1991
496
2507
494
507
388
403
754
571
1030
393
388
854
282
403
282
277
394
397
274
266
265
264
408
122
409
124
395
5123
142
408
396
136
419
140
4417
140
1115
136
395
122
871
382
148
419
152
389
144
143
140
387
138
6479
150
5549
152
443
142
141
150
707
142
1467
1778
148
905
138
1213
138
155
168
150
503
944
148
953
140
140
155
168
2447
152
907
150
1347
138
1011
150
133
168
3675
518
902
527
894
861
182
523
170
535
378
164
385
176
379
641
188
401
1048
563
1062
676
397
198
8007
908
199
192
389
162
645
396
176
409
438
4205
286
425
391
1092
4189
394
1040
411
386
5401
396
2904
2071
392
385
995
502
409
803
446
729
1295
524
407
388
278
409
246
233
246
239
230
379
390
409
2223
148
147
142
141
162
159
2804
2199
637
144
159
158
157
156
147
424
427
643
162
169
158
157
168
131
948
909
641
154
153
150
143
166
133
458
465
639
154
141
154
151
142
139
684
693
154
161
150
143
142
163
1314
5029
631
3894
2069
672
199
694
783
4293
664
815
1344
639
636
627
484
673
655
644
739
672
1071
1312
275
394
1919
5599
2480
2105
440
751
437
408
693
887
438
1091
2306
1641
404
401
432
1229
713
314
311
310
307
304
145
432
725
813
154
159
152
145
144
161
440
480
997
931
154
149
148
141
156
161
440
2329
896
533
802
521
506
595
436
2991
805
858
471
454
479
844
2437
2950
761
793
294
861
2446
1329
492
485
679
937
256
253
246
245
242
2671
1458
715
154
149
148
267
144
1005
659
973
168
157
154
157
1138
339
560
665
160
405
392
422
683
238
391
448
693
1436
948
1497
952
1597
425
244
1449
2272
727
694
1256
1173
458
233
650
431
470
1059
846
2247
1019
270
4385
314
3963
309
2070
1243
1019
278
277
276
275
514
3523
2934
775
929
142
275
160
157
156
287
520
1611
939
154
153
150
149
162
143
418
817
923
154
152
149
168
161
408
833
931
170
996
877
1471
190
189
474
517
679
158
183
182
187
208
215
1100
2307
1445
154
153
150
149
142
165
540
1755
1119
1446
511
2366
1115
1424
501
1132
1085
1315
402
381
368
367
354
345
412
1523
280
1051
794
389
426
855
1083
2368
1873
817
424
895
931
3124
457
420
403
1620
387
434
1141
899
320
319
318
317
314
311
905
765
148
143
152
149
166
385
392
1769
5621
147
772
375
520
207
468
775
1763
2093
1414
773
1029
214
509
252
2228
663
1033
1606
495
864
2695
1356
477
661
937
1392
629
1450
337
332
1092
939
296
295
284
699
356
1197
940
697
3253
306
159
156
153
152
131
564
701
