54
53
52
51
58
57
56
55
54
53
52
51
54
53
62
61
52
51
52
51
52
65
70
59
50
49
50
54
53
67
70
67
50
49
50
52
70
67
52
51
51
50
49
52
70
75
58
53
52
59
58
67
70
101
54
53
58
53
48
70
101
55
54
53
52
67
80
99
54
54
53
52
75
84
99
54
53
54
53
52
83
84
117
54
53
58
53
84
94
99
55
54
53
52
83
100
99
54
54
53
52
83
100
99
54
53
54
53
108
94
99
54
53
60
59
54
101
116
99
96
116
99
64
63
62
99
126
99
132
95
66
79
74
73
72
113
136
105
148
135
72
87
86
79
78
139
148
145
145
80
92
91
82
81
92
153
82
81
80
155
182
85
84
83
82
81
80
161
186
83
82
82
89
174
199
80
82
97
90
89
83
192
215
84
97
232
91
94
207
94
93
202
241
92
89
92
109
92
215
238
86
85
83
82
107
82
229
252
80
84
97
83
256
84
88
99
87
248
277
88
92
103
91
254
275
90
94
107
93
268
289
90
94
109
93
272
295
90
94
109
93
272
299
90
94
109
93
272
313
90
94
109
93
272
319
90
94
109
93
284
319
90
94
109
93
298
323
90
94
109
93
310
335
90
94
109
93
314
335
90
94
109
93
324
329
90
94
109
93
330
329
90
94
109
93
320
317
90
94
109
93
334
321
90
94
109
93
338
325
90
94
109
93
342
327
90
94
109
93
344
327
90
94
109
93
344
327
90
94
109
93
344
327
90
94
109
93
344
327
90
94
109
93
344
327
90
94
109
93
344
327
90
94
109
93
344
327
90
94
109
93
344
327
90
94
109
93
344
327
90
94
109
93
344
327
90
94
109
93
344
327
90
94
109
93
344
327
90
94
109
93
344
327
90
94
109
93
344
327
90
94
109
93
344
327
90
94
109
93
344
327
90
94
109
93
344
327
90
94
109
93
344
327
90
94
109
93
344
327
90
94
109
93
344
327
90
94
109
93
344
327
90
94
109
93
344
327
90
94
109
93
344
327
90
94
109
93
344
327
90
94
109
93
344
327
90
94
109
93
344
327
90
94
109
93
344
327
90
94
109
93
344
327
90
94
109
93
344
327
90
94
109
93
344
327
90
94
109
93
344
327
90
94
109
93
344
327
90
94
109
93
344
327
90
94
109
93
344
327
90
94
109
93
344
327
90
94
109
93
344
327
90
94
109
93
344
327
90
94
109
93
344
327
90
94
109
93
344
327
90
94
109
93
344
327
90
94
109
93
344
327
90
94
109
93
344
327
90
94
109
93
344
327
90
94
109
93
344
327
90
94
109
93
344
327
90
94
109
93
344
327
90
94
109
93
344
327
90
94
109
93
344
327
90
94
109
93
344
327
90
94
109
93
344
327
90
94
109
93
344
327
90
94
109
93
344
327
90
94
109
93
344
327
90
94
109
93
344
327
90
94
109
93
344
327
90
94
109
93
344
327
90
94
109
93
344
327
90
94
109
93
344
327
90
94
109
93
344
327
90
94
109
93
344
327
90
94
109
93
344
327
90
94
109
93
344
327
90
94
109
93
344
327
90
94
109
93
344
327
90
94
109
93
344
327
90
94
109
93
344
327
90
94
109
93
344
327
90
94
109
93
344
327
90
94
109
93
344
327
90
94
109
93
344
327
90
94
109
93
344
327
90
94
109
93
344
327
90
94
109
93
344
327
90
94
109
93
344
327
90
94
109
93
344
327
90
94
109
93
344
327
90
94
109
93
344
327
90
94
109
93
344
327
90
94
109
93
344
327
90
94
109
93
344
327
90
94
109
93
344
327
90
94
109
93
344
327
90
94
109
93
344
327
90
94
109
93
344
327
90
94
109
93
344
327
90
94
109
93
344
327
90
94
109
93
344
327
90
94
109
93
344
327
90
94
109
93
344
327
90
94
109
93
344
327
90
94
109
93
344
327
90
94
109
93
344
327
90
94
109
93
344
327
90
94
109
93
344
327
90
94
109
93
344
327
90
94
109
93
344
327
90
94
109
93
344
327
90
94
109
93
344
327
90
94
109
93
344
327
90
94
109
93
344
327
90
94
109
93
344
327
90
94
109
93
344
327
90
94
109
93
344
327
90
94
109
93
344
327
90
94
109
93
344
327
90
94
109
93
344
327
90
94
109
93
344
327
90
94
109
93
344
327
90
94
109
93
344
327
90
94
109
93
344
327
90
94
109
93
344
327
90
94
109
93
344
327
90
94
109
93
344
327
90
94
109
93
344
327
90
94
109
93
344
327
90
94
109
93
344
327
90
94
109
93
344
327
90
94
109
93
344
327
90
94
109
93
344
327
90
94
109
93
344
327
90
94
109
93
344
327
90
94
109
93
344
327
90
94
109
93
344
327
90
94
109
93
344
327
90
94
109
93
344
327
90
94
109
93
344
327
90
94
109
93
344
327
90
94
109
93
344
327
90
94
109
93
344
327
90
94
109
93
344
327
90
94
109
93
344
327
90
94
109
93
344
327
90
94
109
93
344
327
90
94
109
93
344
327
90
94
109
93
344
327
90
94
109
93
344
327
90
94
109
93
344
327
90
94
109
93
344
327
90
94
109
93
344
327
90
94
109
93
344
327
90
94
109
93
344
327
90
94
109
93
344
327
90
94
109
93
344
327
90
94
109
93
344
327
90
94
109
93
344
327
90
94
109
93
344
327
90
94
109
93
344
327
90
94
109
93
344
327
90
94
109
93
344
327
90
94
109
93
344
327
90
94
109
93
344
327
90
94
109
93
344
327
90
94
109
93
344
327
90
94
109
93
344
327
90
94
109
93
344
327
90
94
109
93
344
327
90
94
109
93
344
327
90
94
109
93
344
327
90
94
109
93
344
327
90
94
109
93
344
327
90
94
109
93
344
327
90
94
109
93
344
327
90
94
109
93
344
327
90
94
109
93
344
327
90
94
109
93
344
327
90
94
109
93
344
327
90
94
109
93
344
327
90
94
109
93
344
327
90
94
109
93
344
327
90
94
109
93
344
327
90
94
109
93
344
327
90
94
109
93
344
327
90
94
109
93
344
327
90
94
109
93
344
327
90
94
109
93
344
327
90
94
109
93
344
327
90
94
109
93
344
327
90
94
109
93
344
327
90
94
109
93
344
327
90
94
109
93
344
327
90
94
109
93
344
327
90
94
109
93
344
327
90
94
109
93
344
327
90
94
109
93
344
327
90
94
109
93
344
327
90
94
109
93
344
327
90
94
109
93
344
327
90
94
109
93
344
327
90
94
109
93
344
327
90
94
109
93
344
327
90
94
109
93
344
327
90
94
109
93
344
327
90
94
109
93
344
327
90
94
109
93
344
327
90
94
109
93
344
327
90
94
109
93
344
327
90
94
109
93
344
327
90
94
109
93
344
327
90
94
109
93
344
327
90
94
109
93
344
327
90
94
109
93
344
327
90
94
109
93
344
327
90
94
109
93
344
327
90
94
109
93
344
327
90
94
109
93
344
327
90
94
109
93
344
327
90
94
109
93
344
327
90
94
109
93
344
327
90
94
109
93
344
327
90
94
109
93
344
327
90
94
109
93
344
327
90
94
109
93
344
327
90
94
109
93
344
327
90
94
109
93
344
327
90
94
109
93
344
327
90
94
109
93
344
327
90
94
109
93
344
327
90
94
109
93
344
327
90
94
109
93
344
327
90
94
109
93
344
327
90
94
109
93
344
327
90
94
109
93
344
327
90
94
109
93
344
327
90
94
109
93
344
327
90
94
109
93
344
327
90
94
109
93
344
327
90
94
109
93
344
327
90
94
109
93
344
327
90
94
109
93
344
327
90
94
109
93
344
327
90
94
109
93
344
327
90
94
109
93
344
327
90
94
109
93
344
327
90
94
109
93
344
327
90
94
109
93
344
327
90
94
109
93
344
327
90
94
109
93
344
327
90
94
109
93
344
327
90
94
109
93
344
327
90
94
109
93
344
327
90
94
109
93
344
327
90
94
109
93
344
327
90
94
109
93
344
327
90
94
109
93
344
327
90
94
109
93
344
327
90
94
109
93
344
327
90
94
109
93
344
327
90
94
109
93
344
327
90
94
109
93
344
327
90
94
109
93
344
327
90
94
109
93
344
327
90
94
109
93
344
327
90
94
109
93
344
327
90
94
109
93
344
327
94
109
92
343
326
109
330
350
109
113
330
350
113
125
112
330
350
109
127
330
110
351
131
118
330
350
125
119
142
330
350
121
139
330
112
351
143
120
330
350
121
119
140
330
350
115
135
330
112
351
137
120
330
350
121
119
140
330
350
115
135
330
112
351
137
120
330
350
121
119
140
344
350
115
135
346
112
351
137
120
360
350
121
119
140
362
356
115
135
364
112
359
137
120
374
360
121
119
140
376
364
115
135
376
112
357
137
120
372
356
121
119
140
372
358
115
135
370
112
357
137
120
372
356
121
119
140
372
358
115
135
370
112
357
137
120
372
356
121
119
140
372
358
115
135
370
112
357
137
120
372
356
121
119
140
372
358
115
135
370
112
357
137
120
372
356
121
119
140
372
358
115
135
370
112
357
137
120
372
356
121
119
140
372
358
115
135
370
112
357
137
120
372
356
121
119
140
372
358
115
135
370
112
357
137
120
372
356
121
119
140
372
358
115
135
370
112
357
137
120
372
356
121
119
140
372
358
115
135
370
112
357
137
120
372
356
121
119
140
372
358
115
135
370
112
357
137
120
372
356
121
119
140
372
358
115
135
370
112
357
137
120
372
356
121
119
140
372
358
115
135
370
112
357
137
120
372
356
121
119
140
372
358
115
135
370
112
357
137
120
372
356
121
119
140
372
358
115
135
370
112
357
137
120
372
356
121
119
140
372
358
115
135
370
112
357
137
120
372
356
121
119
140
372
358
115
135
370
112
357
137
120
372
356
121
119
140
372
358
115
135
370
112
357
137
120
372
356
121
119
140
372
358
115
135
370
112
357
137
120
372
356
121
119
140
372
358
115
135
370
112
357
137
120
372
356
121
119
140
372
358
115
135
370
112
357
137
120
372
356
121
119
140
372
358
115
135
370
112
357
137
120
372
356
121
119
140
372
358
115
135
370
112
357
137
120
372
121
372
372
135
123
370
374
139
171
128
372
372
129
151
372
128
373
151
136
370
374
137
127
156
372
372
129
151
372
112
373
151
120
370
374
121
119
140
372
372
115
135
372
112
373
137
120
370
374
121
119
141
372
372
135
111
122
110
372
372
105
137
107
370
374
133
109
112
107
372
372
102
133
103
378
123
106
105
96
385
378
104
123
100
391
374
106
119
104
95
381
374
104
121
100
383
374
106
119
104
95
385
374
104
121
100
379
358
106
119
104
95
369
358
104
121
100
367
360
106
119
104
95
367
358
104
121
100
367
358
106
119
104
95
369
360
104
121
100
365
358
106
119
104
95
363
358
104
121
100
361
356
106
119
104
95
353
354
104
121
100
351
352
106
119
104
95
351
352
104
121
100
351
352
106
119
104
95
351
352
104
121
100
351
352
106
119
104
95
351
352
104
121
100
351
352
106
119
104
95
351
352
104
121
100
351
352
106
119
104
95
351
352
104
121
100
351
352
106
119
104
95
351
352
104
121
100
351
352
106
119
104
95
351
352
104
121
100
351
352
106
119
104
95
351
352
104
121
100
351
352
106
119
104
95
351
352
104
121
100
351
352
106
119
104
95
351
352
104
121
100
351
352
106
119
104
95
351
352
104
121
100
351
352
106
119
104
95
351
352
104
121
100
351
352
106
119
104
95
351
352
104
121
100
351
352
106
119
104
95
351
352
104
121
100
351
352
106
119
104
95
351
352
104
121
100
351
352
106
119
104
95
351
352
104
121
100
351
352
106
119
104
95
351
352
104
121
100
351
352
106
119
104
95
351
352
104
121
100
351
352
106
119
104
95
351
352
104
121
100
351
352
106
119
104
95
351
352
104
121
100
351
352
106
119
104
95
351
352
104
121
100
351
352
106
119
104
95
351
352
104
121
100
351
352
106
119
104
95
351
352
104
121
100
351
352
106
119
104
95
351
352
104
121
100
351
352
106
119
104
95
351
352
104
121
100
351
352
106
119
104
95
351
352
104
121
100
351
352
106
119
104
95
351
352
104
121
100
351
352
106
119
104
95
351
352
104
121
100
351
352
106
119
104
95
351
352
104
121
100
351
352
106
119
104
95
351
352
104
121
100
351
352
106
119
104
95
351
352
104
121
100
351
352
106
119
104
95
351
352
104
121
100
351
352
106
119
104
95
351
352
104
121
100
351
352
106
119
104
95
351
352
104
121
100
351
352
106
119
104
95
351
352
104
121
100
351
352
106
119
104
95
351
352
104
121
100
351
352
106
119
104
95
351
352
104
121
100
351
352
106
119
104
95
351
352
104
121
100
351
352
106
119
104
95
351
352
104
121
100
351
352
106
119
104
95
351
352
104
121
100
351
352
106
119
104
95
351
352
104
121
358
351
114
119
116
115
114
353
108
363
354
112
111
352
108
121
351
112
111
352
90
121
353
94
93
352
90
103
351
94
93
352
90
103
353
94
93
352
90
103
351
94
93
352
90
103
353
94
93
352
90
103
351
94
93
352
90
103
353
94
93
352
90
103
351
94
93
352
90
103
353
94
93
352
90
103
351
94
93
352
90
103
353
94
93
352
90
103
351
94
93
90
103
352
94
93
369
90
103
350
94
93
369
90
103
350
94
93
367
90
103
332
94
93
345
90
103
332
94
93
345
90
103
332
94
93
345
90
103
332
94
93
345
90
103
332
94
93
345
90
103
332
94
93
345
90
103
332
94
93
345
90
103
332
94
93
345
90
103
332
94
93
345
90
103
332
94
93
345
90
103
332
94
93
345
90
103
332
94
93
345
90
103
332
94
93
345
90
103
332
94
93
345
90
103
332
94
93
345
90
103
332
94
93
345
90
103
332
94
93
345
90
103
332
94
93
345
90
103
332
94
93
345
90
103
332
94
93
345
90
103
332
94
93
345
90
103
332
94
93
345
90
103
332
94
93
345
90
103
332
94
93
345
90
103
332
94
93
345
90
103
332
94
93
345
90
103
332
94
93
345
90
103
332
94
93
345
90
103
332
94
93
345
90
103
332
94
93
345
90
103
332
94
93
345
90
103
332
94
93
345
90
103
332
94
93
345
90
103
332
94
93
345
90
103
332
94
93
345
90
103
332
94
93
345
90
103
332
94
93
345
90
103
332
94
93
345
90
103
332
94
93
345
90
103
332
94
93
345
90
103
332
94
93
345
90
103
332
94
93
345
90
103
332
94
93
345
90
103
332
94
93
345
90
103
332
94
93
345
90
103
332
94
93
345
90
103
332
94
93
345
90
103
332
94
93
345
90
103
332
94
93
345
90
103
332
94
93
345
90
103
332
94
93
345
90
103
332
94
93
345
90
103
332
94
93
345
90
103
332
94
93
345
90
103
332
94
93
345
90
103
332
94
93
345
90
103
332
94
93
345
90
103
332
94
93
345
90
103
332
94
93
345
90
103
332
94
93
345
90
103
332
94
93
345
90
103
332
94
93
345
90
103
332
94
93
345
90
103
332
94
93
345
90
103
332
94
93
345
90
103
332
94
93
345
90
103
332
94
93
345
90
103
332
94
93
345
90
103
332
94
93
345
90
103
332
94
93
345
90
103
332
94
93
345
90
103
332
94
93
345
90
103
332
94
93
345
90
103
332
94
93
345
90
103
332
94
93
345
90
103
332
94
93
345
90
103
332
94
93
345
90
103
332
94
93
345
90
103
332
94
93
345
90
103
332
94
93
345
90
103
332
94
93
345
90
103
332
94
93
345
90
103
332
94
93
345
90
103
332
94
93
345
90
103
332
94
93
345
90
103
332
94
93
345
90
103
332
94
93
345
90
103
332
94
93
345
90
103
332
94
93
345
90
103
332
94
93
345
90
103
332
94
93
345
90
103
332
94
93
345
90
103
332
94
93
345
90
103
332
94
93
345
90
103
332
94
93
345
