81
84
90
89
92
90
83
98
97
110
97
110
85
86
105
106
95
94
112
95
98
155
93
104
133
120
123
110
98
181
104
119
126
133
112
85
116
149
154
112
115
227
136
119
122
115
120
107
106
111
78
100
179
108
107
104
204
243
126
229
154
151
92
114
111
136
111
206
82
285
201
146
232
120
112
331
116
119
128
145
138
95
84
241
296
74
335
138
119
129
136
105
122
121
304
229
377
249
120
133
336
123
102
122
253
140
118
115
122
147
288
271
102
196
81
116
348
373
251
108
111
116
129
136
149
113
92
348
397
122
271
108
103
126
133
108
185
91
378
82
443
364
125
120
341
311
493
188
191
306
97
130
129
372
94
435
313
339
483
80
497
467
457
367
159
449
375
551
467
417
421
429
399
427
371
435
379
407
381
459
633
459
675
699
513
703
693
683
717
675
657
677
373
438
637
641
625
835
643
631
671
711
635
717
739
715
715
715
725
755
737
697
747
759
787
765
765
783
803
795
819
813
835
857
863
869
891
1015
887
933
913
941
939
979
973
981
993
1001
1013
1023
1202
1187
1166
1101
1294
1035
1043
1055
1063
1075
332
1131
1097
1155
1131
1185
1153
1209
1179
1237
1253
1205
1261
1255
1231
1289
1297
1309
1319
1333
1347
1359
1373
1385
1399
1411
1425
1437
1451
1463
1477
1485
1493
1507
1517
1525
1533
1541
1555
1565
1573
1581
1589
1603
1613
1621
1635
1645
1653
1661
1661
1675
1677
1677
1677
1677
1677
1691
1693
348
1693
1693
1693
1677
1677
1677
1661
1661
1661
1661
1661
1661
1661
1661
1661
1661
1661
1661
1675
1677
1677
1677
1677
1677
1661
1661
1629
1629
1613
1613
1613
1613
1613
1613
1627
1629
1629
1643
1645
1645
1659
1673
1677
1677
1691
1693
1693
1693
1693
1693
1693
1693
1693
1693
1693
1693
1693
1693
1693
1693
1693
1693
1693
1693
1693
1693
1693
1693
1693
1693
1693
1677
1677
1677
1677
1677
1677
1661
1661
1661
1661
1661
1645
1645
1645
1659
1645
1645
1645
1645
1645
1659
1661
1661
1661
1661
1661
1675
1677
1677
1677
1677
1691
1693
1693
1693
1693
1693
1693
1693
1693
1693
1693
1693
1693
1693
1693
1693
1693
1693
1693
1693
1693
1693
1693
1693
1693
1693
1693
1693
1693
1693
1693
1693
1693
1677
1677
1677
1677
1677
1677
1677
1677
1677
1677
1677
1677
1677
1661
1661
1675
1677
1677
1677
1661
1645
1459
1645
1645
1645
1645
1645
1645
1659
1661
1661
1661
1381
1661
1661
1661
1661
1661
1661
1645
1629
1613
1613
1597
1581
1565
1565
1563
1563
1563
1549
1549
1549
1561
1565
1565
1579
1579
1581
1565
1563
1563
1565
1563
1549
1549
1547
1559
1565
1577
1581
1581
1581
1581
1595
1595
2021
1597
1597
1611
1597
1611
1597
1611
1597
1611
1597
1611
1597
1413
1611
2054
1959
2344
1613
1613
1627
1629
1629
1629
1627
1629
1629
1643
1645
1643
1645
1629
1621
1613
348
1613
789
1611
345
1613
1627
1613
1613
1613
1613
1627
1629
1629
1643
1645
1659
1661
1661
1675
1677
1677
1677
1691
1693
1693
1693
1693
1693
1693
1693
1693
1693
1693
1693
1693
1693
1693
1693
1693
1693
1693
1693
1693
1693
1693
1693
1693
1677
1677
1677
1677
1677
1677
1677
1677
1677
1677
1677
1661
1661
1661
1661
1675
1661
1661
1661
1661
1661
1661
1661
1645
1645
1645
1645
1645
1645
1645
1659
1661
1661
1661
1661
1661
1661
1659
1661
1659
1661
1661
1645
1645
1645
1645
1645
1645
1645
1645
1645
1659
1661
1661
1675
1661
1661
1661
1661
1661
1661
1661
1661
1645
1645
1645
1645
1645
1645
1659
1645
1659
1645
1645
1645
1645
1645
1659
1661
1661
1661
1661
1661
1661
1661
1675
1677
1677
1691
1693
1693
1693
1677
1677
1677
1677
1677
1677
1677
1677
1677
1677
1677
1677
1677
1677
1677
1677
1691
1693
1693
1693
1693
1693
1677
1677
1661
1661
1661
1661
1661
1661
1661
1661
1645
1645
1629
1643
1645
1645
1659
1661
1661
1661
1661
1661
1661
1661
1661
1675
1677
1677
1677
1677
1661
1661
1645
1645
1629
1629
1613
1613
1613
1613
1613
1613
1627
1629
1629
1643
1645
1645
1659
1661
1661
1675
1677
1677
1677
1675
1677
1677
1677
1677
1677
