Tile ID						Power estimation

0						0.0039482
1						0.00357874
2						0.0111332
3						0.00912972
4						0.00563079
5						0
6						0
7						0
8						0.000175179
9						0.00134308
10						0.0027546
11						0.00583903
12						0.0106344
13						0
14						0
15						0
16						3.24055e-06
17						1.29622e-05
18						3.24055e-05
19						0.000471963
20						0.0113274
21						0
22						0
23						0
24						3.24055e-06
25						3.24055e-06
26						0.0129824
27						0.0128721
28						0.0241419
29						0.0118913
30						0.000275446
31						0
32						0.00267011
33						0.00530805
34						0.0165327
35						0.002317
36						0.0226134
37						0.00427368
38						0.000816026
39						0
40						0.0136197
41						0.0109534
42						0.00838919
43						0
44						0.00938437
45						0.00119184
46						0.00180501
47						0
48						0
49						0
50						0
51						0
52						0.00763366
53						0.00198196
54						0.00354984
55						0
56						0
57						0
58						0
59						0
60						0.00564081
61						0.00570637
62						0.0093079
63						0


Total Netwok Power(In Watt):0.261879