Tile ID						Power estimation

0						0.00371582
1						0.00355135
2						0.00831481
3						0.00716723
4						0.00526047
5						0
6						0
7						0
8						0.000382207
9						0.00106939
10						0.00194595
11						0.00365856
12						0.00852574
13						0
14						0
15						0
16						9.72164e-07
17						2.04154e-05
18						4.21271e-05
19						0.000255108
20						0.0088143
21						0
22						0
23						0
24						0
25						3.24055e-07
26						0.00721832
27						0.00727146
28						0.0160445
29						0.00640999
30						2.23598e-05
31						0
32						0.000529384
33						0.0016167
34						0.0113723
35						0.00420103
36						0.0189484
37						0.00518173
38						0.000128974
39						0
40						0.00648109
41						0.00595548
42						0.00490263
43						0
44						0.00625661
45						0.000440028
46						0.000504776
47						0
48						0
49						0
50						0
51						0
52						0.00518628
53						0.00106246
54						0.00140742
55						0
56						0
57						0
58						0
59						0
60						0.00401101
61						0.00400093
62						0.00530128
63						0


Total Netwok Power(In Watt):0.17718