Tile ID						Power estimation

0						0.00221911
1						0.00188955
2						0.0100015
3						0.00810455
4						0.00541111
5						0
6						0
7						0
8						0.000481665
9						0.00125542
10						0.00275753
11						0.00513256
12						0.00987945
13						0
14						0
15						0
16						0
17						3.88866e-06
18						3.11092e-05
19						0.000591817
20						0.011351
21						0
22						0
23						0
24						0
25						2.59244e-06
26						0.00747908
27						0.00759715
28						0.0187145
29						0.0070521
30						0.000255057
31						0
32						0.00229109
33						0.00475855
34						0.0144337
35						0.000797303
36						0.0169962
37						0.00205774
38						0.000554186
39						0
40						0.0136562
41						0.011344
42						0.00892431
43						0
44						0.00630645
45						0.000707893
46						0.00101347
47						0
48						0
49						0
50						0
51						0
52						0.00424955
53						0.000956739
54						0.00163806
55						0
56						0
57						0
58						0
59						0
60						0.00317981
61						0.0031552
62						0.0047593
63						0


Total Netwok Power(In Watt):0.201991