Tile ID						Power estimation

0						0.0101669
1						0.00839701
2						0.0148063
3						0.0113103
4						0.00671742
5						0
6						0
7						0
8						0.00100932
9						0.00237606
10						0.00357326
11						0.00621919
12						0.010873
13						0
14						0
15						0
16						0
17						0
18						0.000194433
19						0.000874947
20						0.0116899
21						0
22						0
23						0
24						0
25						0
26						0.0167128
27						0.0162847
28						0.0281695
29						0.0133809
30						0.00152306
31						0
32						0.00219807
33						0.00359187
34						0.0147815
35						0.00658961
36						0.027064
37						0.0112614
38						0.002398
39						0
40						0.00895444
41						0.00601738
42						0.00356092
43						0
44						0.00815481
45						0.00098445
46						0.00343498
47						0
48						0
49						0
50						0
51						0
52						0.0069966
53						0.00130729
54						0.00479601
55						0
56						0
57						0
58						0
59						0
60						0.00666357
61						0.0074376
62						0.0129262
63						0


Total Netwok Power(In Watt):0.303398