#Simcount		average latency
1		0
2		0
3		0
4		0
5		0
6		0
7		0
8		6
9		5.85714
10		4.85714
11		3.85714
12		3
13		0
14		0
15		0
16		0
17		0
18		0
19		0
20		10
21		9.85714
22		8.85714
23		8
24		8
25		11.9286
26		11.4286
27		10.9286
28		10.9231
29		0
30		0
31		7
32		7
33		7
34		7
35		0
36		8
37		11.9286
38		11.8462
39		15.75
40		14.3333
41		13.1304
42		12.55
43		11.4
44		10.5714
45		0
46		6
47		5.83333
48		7.5
49		4
50		14.8
51		0
52		14
53		12.7222
54		13.6154
55		15.7143
56		14.2727
57		15.5833
58		13.68
59		13.5882
60		13.2222
61		0
62		0
63		12.5
64		11.5
65		17.8333
66		21.1111
67		17.5556
68		14.3571
69		15.1053
70		14.4118
71		19.1429
72		18.8
73		17.3214
74		17.8261
75		14.0833
76		13
77		24
78		24
79		14.3
80		13.7273
81		20.2
82		18.0556
83		14.0714
84		17.5385
85		15.8125
86		16.1538
87		17
88		20.6
89		19
90		16.6364
91		14.8
92		12.5
93		9.8
94		15
95		14.1818
96		12.4286
97		17.0833
98		18.75
99		17.0556
100		18.0769
101		17.2941
102		15.4
103		19.1667
104		20.8
105		19.1765
106		22.7727
107		17.4545
108		11.3636
109		14.3333
110		15.2
111		17.8889
112		18.6
113		17.5833
114		17.4118
115		16.4211
116		19.4
117		14.2778
118		17.0833
119		15
120		19
121		22.5385
122		17.9259
123		15.3
124		13.1818
125		17.6667
126		14.1111
127		16.6923
128		14
129		17.1579
130		22.5385
131		15.7647
132		18
133		14.3571
134		13.7143
135		19.5
136		18.3333
137		22
138		19.9565
139		21
140		19.4444
141		21.5
142		14.3333
143		13.125
144		18.5714
145		18.8667
146		22.7273
147		15.4667
148		16.6364
149		18.3846
150		27.4444
151		18.1429
152		38
153		23.6667
154		26.7917
155		14.8889
156		15.1111
157		14.8
158		17.75
159		13.25
160		19.375
161		20
162		27.1818
163		16.6842
164		16.3571
165		16.5
166		23.1
167		14.5
168		21
169		27.6957
170		24.4545
171		18.1667
172		19.6
173		16.8889
174		11.1667
175		14.6667
176		18
177		18.7647
178		24.6818
179		16.125
180		15.8462
181		20.9167
182		24.25
183		20.8
184		19.5
185		31.8846
186		21.5417
187		13.8462
188		18.625
189		11.8
190		22.3333
191		17
192		13.6667
193		22.8235
194		29.12
195		16.1905
196		22
197		17.4286
198		14.6667
199		14.5
200		21.2857
201		32.56
202		21.48
203		17.9231
204		18.875
205		17.3333
206		19
207		21.1429
208		16
209		19.6111
210		22.9524
211		14.5625
212		15.375
213		16.2857
214		20.7
215		20.8
216		24.6667
217		36.7368
218		23.931
219		32.6364
220		27
221		32.5
222		38.8333
223		27.2222
224		26.375
225		16.2174
226		28.05
227		15.2609
228		20.75
229		27.3125
230		24.1667
231		50.6667
232		39
233		33.8
234		20.3
235		20.9091
236		15.7143
237		18.8333
238		19.25
239		14.5714
240		13.6667
241		21.8947
242		30.0526
243		14.4545
244		17.125
245		17.2
246		32.2727
247		43.2
248		19
249		40.1818
250		21.0667
251		19.0769
252		32.7
253		22.375
254		14
255		12.1429
256		20.8333
257		20.3333
258		25.0556
259		16.1818
260		14.2143
261		26.1538
262		18
263		19.5
264		19.75
265		34.9259
266		23.1739
267		28.8182
268		21.375
269		21.6
270		24.1667
271		24
272		29.4
273		20.8667
274		20.4211
275		21.2941
276		24.2308
277		24.8
278		24.8
279		25.2
280		41.7143
281		36.5172
282		29.24
283		17.6667
284		21.6667
285		14.5
286		14.6667
287		25.5
288		21.75
289		25.75
290		27.2174
291		16.9474
292		13.8462
293		17.1
294		29.375
295		14.75
296		40.625
297		46.8261
298		28.4545
299		23.5714
300		25.6667
301		19.8
302		27.6
303		18.6667
304		17
305		28.3077
306		39.9048
307		27.1364
308		25.625
309		24.875
310		31.3
311		39.1667
312		40.1429
313		48.7333
314		34.95
315		47.1667
316		34.8571
317		24.8333
318		26.8333
319		33.375
320		39.7143
321		49.0667
322		40.12
323		19.8462
324		31.4375
325		28.6
326		21.5
327		33.6667
328		67.8333
329		60.7917
330		37.8095
331		53.1429
332		41.1818
333		50
334		53.6667
335		54.1667
336		45.5
337		23.8824
338		32.3158
339		17.65
340		24.0769
341		46.1111
342		48.7778
343		44.5
344		62.1429
345		49.6957
346		47.0417
347		27
348		22.5556
349		21.2222
350		15.6667
351		22
352		26.3333
353		40.5
354		37.6111
355		17.4667
356		29.4615
357		20.125
358		26.6667
359		24.5
360		30.8
361		44.4
362		35.7826
363		35.8333
364		24.6667
365		22.5
366		18
367		20.6
368		20.6667
369		42.5
370		54.2857
371		22
372		29.6667
373		23.8889
374		23.3333
375		42.8571
376		28.2727
377		48.5263
378		39.5
379		29.875
380		32.1429
381		43.7143
382		28.1429
383		31
384		34
385		34.6429
386		42.9545
387		23.3333
388		20.1
389		18.3333
390		20.6
391		22.6667
392		39.3333
393		41.7647
394		62.1818
395		40.3333
396		28.75
397		24.2857
398		20
399		67.5
400		24.4
401		33.7857
402		45.5333
403		24.4
404		23.6364
405		37.3846
406		27.1111
407		44
408		49
409		28.05
410		35.5909
411		19.2857
412		49.1429
413		36.8
414		19.4286
415		24.25
416		30
417		40.0625
418		62.2941
419		26.5556
420		22.1818
421		32.3636
422		37.5556
423		37
424		53.125
425		29.7222
426		69.2222
427		30.8
428		27.6667
429		30
430		26.2
431		26
432		95.6
433		38.7692
434		41.9412
435		23.85
436		35.2857
437		43.4167
438		17.5714
439		22.5
440		64.4
441		36.6842
442		51.1111
443		52.4286
444		29
445		15
446		18.1667
447		24.1429
448		21
449		31.375
450		54.0476
451		26.6875
452		21.1818
453		33.25
454		23
455		25.25
456		57.3333
457		42.4737
458		38.0526
459		19.4
460		48
461		52.25
462		43.3333
463		34.8571
464		33.3333
465		45.5333
466		51.6
467		18.35
468		38.3571
469		30.2222
470		34.8
471		28.6
472		24.5
473		65.1579
474		68
475		15.8
476		17.5
477		19.8333
478		40.3333
479		19
480		16
481		37.9286
482		62.7
483		27.7895
484		24.8125
485		61
486		24.25
487		20.6667
488		73.2
489		59.5
490		68.6316
491		28.1429
492		35.6667
493		62.1667
494		25.75
495		28.3333
496		29.25
497		37
498		63.2667
499		35.3529
500		18.5333
501		29.4
502		22.8
503		67
504		25
505		47.3529
506		39.4762
507		60.7778
508		32
509		67.25
510		25
511		33
512		19.75
513		47.9231
514		58.6667
515		41.875
516		19.1333
517		26.7778
518		64.2
519		21
520		48
521		50.8667
522		81.3529
523		39.6667
524		16
525		14.1667
526		30
527		31.5
528		20
529		37.4615
530		28.6667
531		40.8
532		44.2
533		22.1429
534		18
535		43.5
536		20.1429
537		55.8667
538		51.8824
539		14.875
540		19
541		14.7143
542		68.6
543		0
544		15.5
545		69.7692
546		90.6923
547		24
548		23.4545
549		28.6
550		46
551		46.5
552		81.8
553		71.0625
554		58.9375
555		29.6364
556		40.2857
557		44.5
558		49.1667
559		42.4
560		63.75
561		57.0833
562		66.7368
563		22.5385
564		22.1667
565		37.7273
566		17.8
567		24.3333
568		24.6
569		57.6667
570		63.2143
571		53.5
572		36.8333
573		64.3333
574		45
575		17.5
576		18.8
577		60.0769
578		74.8333
579		20.5833
580		20.6667
581		48.4444
582		72.375
583		27.1667
584		23
585		41
586		58
587		15.7143
588		22.2857
589		25.2
590		32.6
591		34.5
592		15.5
593		41
594		75.3529
595		38.6923
596		21.625
597		20.6
598		44.2857
599		70.6
600		28
601		47.9167
602		89.3333
603		22.5714
604		23.4
605		24
606		25
607		135
608		159.667
609		42.1538
610		83.4667
611		19.8
612		22.6
613		18.1429
614		39.625
615		22.25
616		132.333
617		55.0769
618		131.65
619		82.5
620		26.25
621		53.5
622		41.3333
623		82
624		88.6667
625		67.8462
626		56
627		86.3333
628		21.3077
629		24.75
630		47.625
631		42
632		28
633		64.5385
634		92.8125
635		17.7778
636		69.8
637		79.25
638		101.333
639		22.6667
640		23.25
641		53.8571
642		83.6111
643		20.3636
644		42.2
645		20.5714
646		44.375
647		27
648		16
649		43.5
650		107.412
651		18.8571
652		19.4
653		19.6
654		31.5
655		10
656		12
657		38.5
658		48.6429
659		67.1111
660		45.7
661		20.75
662		93.1667
663		28.3333
664		17
665		48.5
666		81.4444
667		22.5714
668		20.2
669		84
670		109
671		14
672		18
673		40.6667
674		66.2667
675		18.7
676		20.2222
677		20.3333
678		62.4
679		13.6667
680		254
681		76.75
682		129
683		13.25
684		88.75
685		95.3333
686		46
687		0
688		15.5
689		31.1111
690		53.0714
691		64.2857
692		54.7143
693		81.6
694		122.6
695		165.5
696		17.3333
697		67.4
698		105.429
699		25.8889
700		102.2
701		31.25
702		46
703		71
704		431
705		73.8889
706		108.714
707		67.8
708		22
709		61.4286
710		101.167
711		155
712		15
713		160.6
714		146.267
715		28.4286
716		51.6667
717		24.8
718		77.2
719		44.5
720		96.3333
721		50.125
722		57.7143
723		41
724		52
725		65.2
726		111.4
727		0
728		0
729		96.4444
730		119.818
731		23.1429
732		76.8333
733		34.6
734		24.5
735		50
736		15.5
737		47.75
738		118.6
739		27.1429
740		35.7143
741		64.1667
742		54.5714
743		41
744		182
745		84.125
746		88.3571
747		16
748		45
749		13.6
750		77.75
751		29.5
752		15
753		38.4545
754		122.308
755		26.25
756		30.375
757		24
758		66.2
759		253
760		12
761		84.75
762		110.833
763		15.4
764		66.3333
765		34.25
766		46
767		100.75
768		19.5
769		37.7273
770		130
771		26.6667
772		26.1111
773		24.5714
774		54.4286
775		15
776		133
777		85.125
778		116.417
779		20.2857
780		100.5
781		12
782		145
783		45
784		15
785		42.5556
786		117.733
787		23.8571
788		24.75
789		27.6
790		81.75
791		24
792		28
793		78.4444
794		155.3
795		58.2
796		93
797		64.75
798		61.6
799		58.2
800		132.333
801		66.7778
802		118.917
803		23
804		40.2
805		21.75
806		63.6
807		11
808		13
809		97
810		136.2
811		24
812		15.6667
813		38.25
814		149
815		115
816		17
817		99.8571
818		96.9286
819		25
820		35.3
821		20.1429
822		62.8
823		0
824		13
825		88.6
826		148.231
827		171.5
828		118
829		341.5
830		359.5
831		455
832		336
833		55.1667
834		178
835		112.75
836		50.5556
837		106.833
838		159.833
839		324
840		625
841		177.909
842		174.273
843		170.167
844		222.333
845		45.6667
846		46
847		107
848		138.5
849		145.667
850		128.154
851		21.2
852		91.875
853		106.4
854		106.2
855		24
856		0
857		105.385
858		177.154
859		59.2
860		132.5
861		10
862		34
863		123.5
864		277
865		169.5
866		146.308
867		63.625
868		68.5556
869		64.625
870		108.25
871		152
872		231.5
873		84.1429
874		95.1429
875		39.1667
876		177
877		87
878		92.8
879		105.5
880		300.5
881		122.429
882		116.636
883		26
884		26.4167
885		21.25
886		61.6
887		15
888		447
889		107.333
890		154.533
891		35.6667
892		126
893		40.5
894		59.5
895		101.667
896		17
897		109.857
898		127.5
899		30.1667
900		30.0833
901		27.875
902		57.5714
903		72
904		43.5
905		82.3077
906		87.0833
907		31.625
908		54.6667
909		119
910		57
911		39
912		221.667
913		79.5
914		110.167
915		27.1429
916		28.8333
917		23.7778
918		52.1429
919		33
920		167.667
921		79.4
922		108.312
923		29
924		51.6667
925		23.75
926		29
927		17.25
928		23
929		96.7
930		128.7
931		23.4
932		27.0909
933		22.8333
934		154.8
935		20
936		15.3333
937		93.2
938		97.4286
939		23.2857
940		21
941		65.5714
942		27.6667
943		39.25
944		24.5
945		56.75
946		114
947		19.875
948		19.0909
949		23.3333
950		73.5
951		14.3333
952		22.3333
953		86.7273
954		81.6429
955		19.75
956		28.5
957		20.25
958		31.6667
959		33
960		15.5
961		57.5
962		120.4
963		20.5714
964		18.25
965		48.2857
966		55.3333
967		16
968		21
969		88.75
970		90.2308
971		22.6667
972		139.333
973		83
974		37.3333
975		17.5
976		27.5
977		41.1667
978		82.3333
979		18.25
980		19.3333
981		21.6
982		56.3333
983		18.5
984		20.6667
985		81.3636
986		93.3846
987		26.4
988		44
989		25.5
990		43
991		341
992		103.667
993		20.2
994		107.25
995		24.125
996		25.3333
997		28.125
998		55
999		16
1000		15
