48
50
55
58
57
56
55
54
52
51
58
53
54
53
60
55
54
51
72
61
52
51
62
60
60
69
56
73
56
65
56
53
48
75
54
52
57
68
53
60
59
58
57
54
70
51
52
49
62
60
59
66
60
50
60
82
78
92
90
102
378
118
118
396
395
386
391
408
419
416
405
399
302
413
280
279
338
285
282
281
417
290
447
418
391
314
441
426
429
320
459
326
264
465
318
339
272
271
278
435
376
317
246
294
487
76
525
372
263
96
96
103
102
97
118
285
398
308
104
99
92
79
100
541
390
87
82
79
105
86
83
545
615
142
129
128
144
587
155
147
162
161
156
81
157
150
161
125
125
695
691
725
755
755
650
629
648
805
810
729
698
803
