120
130
129
125
130
137
130
144
137
142
121
130
133
138
164
162
136
159
183
139
164
183
152
155
131
201
174
206
199
211
176
184
140
155
184
173
211
186
198
275
290
255
170
206
177
198
174
163
224
311
277
319
140
290
253
274
217
297
202
392
136
272
166
258
325
396
384
156
197
139
396
415
438
236
378
311
470
164
381
154
483
134
150
131
428
431
158
497
499
136
290
437
224
381
486
244
153
226
191
166
453
554
485
140
398
405
144
631
338
242
179
130
421
616
410
224
220
501
354
165
390
409
150
487
416
434
499
204
239
433
254
407
669
633
414
465
222
170
415
648
463
529
426
249
221
288
479
422
715
700
175
193
192
191
432
291
186
185
176
444
655
482
273
200
345
192
652
647
397
392
731
529
200
855
741
426
467
196
487
442
423
398
395
