80
81
86
92
114
100
105
128
93
124
119
122
74
114
111
94
109
88
104
147
104
85
140
177
90
125
108
154
191
76
99
102
119
112
130
185
98
154
87
172
85
89
102
169
225
192
92
98
114
135
89
136
85
174
153
108
211
112
169
81
235
115
126
76
100
269
206
137
73
126
111
96
95
200
239
216
121
126
191
80
222
285
82
73
229
78
86
113
96
119
234
76
277
90
89
128
92
85
106
277
92
91
245
96
94
92
95
88
293
88
85
250
93
151
180
100
113
76
76
252
91
102
88
97
274
399
113
232
197
186
243
84
127
78
90
101
82
297
334
89
114
90
290
297
92
87
86
95
92
290
309
359
100
99
94
273
232
95
304
477
319
106
82
338
391
319
128
153
126
149
144
127
342
124
225
207
350
317
168
161
417
138
133
130
119
146
111
91
78
439
114
111
108
333
115
128
89
364
407
491
88
78
367
435
356
111
110
129
84
93
148
435
78
83
419
362
97
86
83
112
175
162
495
579
83
82
601
378
93
104
87
100
189
198
86
419
73
228
328
429
400
105
92
87
98
169
186
413
399
386
101
96
111
90
129
174
117
409
72
645
396
101
96
111
156
333
178
120
395
83
421
396
103
102
99
96
109
174
491
120
399
381
376
101
100
97
92
89
182
399
629
348
101
98
89
88
107
226
471
371
625
332
105
90
101
186
423
214
363
647
336
91
86
103
192
77
210
