56
58
63
66
65
72
71
70
67
60
67
54
59
62
90
64
87
54
57
62
71
84
75
104
99
56
47
84
92
106
142
118
110
105
98
97
120
161
106
105
100
98
101
98
97
92
103
142
86
102
97
102
116
197
84
87
100
96
103
124
91
106
162
107
120
104
103
100
105
104
88
91
86
85
112
251
100
103
184
118
129
114
107
90
86
237
78
196
129
108
83
200
106
116
110
215
126
107
110
98
95
94
93
116
291
114
109
224
112
117
214
111
100
100
343
98
95
116
341
130
258
127
122
255
128
106
239
104
136
377
118
117
262
146
143
116
241
117
90
343
272
147
140
102
102
102
367
90
89
152
94
136
133
292
123
282
431
98
97
128
127
122
102
93
286
449
128
116
292
91
90
98
459
118
95
290
116
92
91
123
96
102
403
100
99
106
105
90
104
395
134
332
103
130
108
91
110
417
98
333
134
122
125
118
110
108
441
114
130
445
390
419
116
115
136
115
114
363
134
142
140
431
86
403
154
435
96
100
140
138
429
98
95
106
103
92
98
389
124
131
376
372
435
120
122
423
122
380
583
125
124
375
419
407
180
431
172
159
158
157
172
128
380
405
381
122
122
605
128
391
150
181
174
433
168
161
188
395
380
379
134
128
379
154
141
174
121
120
99
140
139
134
134
365
128
404
363
174
117
390
116
433
122
125
383
128
396
120
119
368
