48
50
55
58
57
56
55
54
54
53
57
54
53
52
64
63
55
54
49
54
51
64
70
63
53
52
54
53
52
49
70
67
53
52
54
53
52
67
70
85
53
52
54
53
52
67
70
67
53
52
52
51
64
70
67
53
52
51
52
51
64
70
77
53
52
51
52
51
64
70
83
53
52
51
52
51
66
68
83
53
52
51
52
51
66
68
83
53
52
51
52
51
66
68
83
53
52
51
52
51
66
68
83
53
52
51
52
51
66
68
83
53
52
51
52
51
66
68
83
53
52
51
52
51
66
68
83
53
52
51
52
51
66
68
83
49
52
61
60
54
69
83
52
64
79
79
62
58
58
57
53
80
83
79
56
56
50
91
83
85
56
54
58
51
101
88
79
56
60
57
52
105
100
87
59
56
56
51
110
103
87
58
56
56
51
120
103
87
58
57
56
56
51
126
113
87
56
60
57
52
137
120
87
59
56
56
51
136
119
87
58
54
58
51
142
127
87
58
58
57
52
153
136
87
54
58
51
50
153
136
87
56
50
151
62
145
87
56
50
151
64
151
79
56
50
157
64
151
79
56
50
167
64
159
79
56
50
167
64
167
79
56
50
167
64
177
79
56
172
181
64
79
79
198
62
196
79
69
200
89
192
72
97
80
79
198
82
83
216
229
208
90
86
225
97
92
94
227
236
90
111
105
246
237
230
122
250
117
114
118
111
111
262
253
112
259
268
256
120
119
113
276
127
262
282
272
119
126
119
119
294
278
298
288
125
124
123
123
310
294
314
304
137
126
125
125
326
314
334
328
139
126
125
125
338
332
340
338
139
126
125
125
