	0.2	0.1	0
	0.2	0.1	73.4348
	0.2	0.3	73.4348
	0.2	0.3	0
	0.2	0.7	0
	0.2	0.7	0
	0.2	0.9	0
	0.2	0.9	0

	0.8	0.1	0
	0.8	0.1	73.4348
	0.8	0.3	73.4348
	0.8	0.3	0
	0.8	0.7	0
	0.8	0.7	0
	0.8	0.9	0
	0.8	0.9	0


	1.2	0.1	0
	1.2	0.1	76.2941
	1.2	0.3	76.2941
	1.2	0.3	0
	1.2	0.7	0
	1.2	0.7	0
	1.2	0.9	0
	1.2	0.9	0

	1.8	0.1	0
	1.8	0.1	76.2941
	1.8	0.3	76.2941
	1.8	0.3	0
	1.8	0.7	0
	1.8	0.7	0
	1.8	0.9	0
	1.8	0.9	0


	2.2	0.1	0
	2.2	0.1	32.3388
	2.2	0.3	32.3388
	2.2	0.3	0
	2.2	0.7	0
	2.2	0.7	0
	2.2	0.9	0
	2.2	0.9	0

	2.8	0.1	0
	2.8	0.1	32.3388
	2.8	0.3	32.3388
	2.8	0.3	0
	2.8	0.7	0
	2.8	0.7	0
	2.8	0.9	0
	2.8	0.9	0


	3.2	0.1	0
	3.2	0.1	36.6913
	3.2	0.3	36.6913
	3.2	0.3	0
	3.2	0.7	0
	3.2	0.7	0
	3.2	0.9	0
	3.2	0.9	0

	3.8	0.1	0
	3.8	0.1	36.6913
	3.8	0.3	36.6913
	3.8	0.3	0
	3.8	0.7	0
	3.8	0.7	0
	3.8	0.9	0
	3.8	0.9	0


	4.2	0.1	0
	4.2	0.1	0
	4.2	0.3	0
	4.2	0.3	0
	4.2	0.7	0
	4.2	0.7	0
	4.2	0.9	0
	4.2	0.9	0

	4.8	0.1	0
	4.8	0.1	0
	4.8	0.3	0
	4.8	0.3	0
	4.8	0.7	0
	4.8	0.7	0
	4.8	0.9	0
	4.8	0.9	0


	5.2	0.1	0
	5.2	0.1	0
	5.2	0.3	0
	5.2	0.3	0
	5.2	0.7	0
	5.2	0.7	0
	5.2	0.9	0
	5.2	0.9	0

	5.8	0.1	0
	5.8	0.1	0
	5.8	0.3	0
	5.8	0.3	0
	5.8	0.7	0
	5.8	0.7	0
	5.8	0.9	0
	5.8	0.9	0


	6.2	0.1	0
	6.2	0.1	0
	6.2	0.3	0
	6.2	0.3	0
	6.2	0.7	0
	6.2	0.7	0
	6.2	0.9	0
	6.2	0.9	0

	6.8	0.1	0
	6.8	0.1	0
	6.8	0.3	0
	6.8	0.3	0
	6.8	0.7	0
	6.8	0.7	0
	6.8	0.9	0
	6.8	0.9	0


	0.2	2.1	0
	0.2	2.1	7328.13
	0.2	2.3	7328.13
	0.2	2.3	0
	0.2	2.7	0
	0.2	2.7	0
	0.2	2.9	0
	0.2	2.9	0

	0.8	2.1	0
	0.8	2.1	7328.13
	0.8	2.3	7328.13
	0.8	2.3	0
	0.8	2.7	0
	0.8	2.7	0
	0.8	2.9	0
	0.8	2.9	0


	1.2	2.1	0
	1.2	2.1	3211.28
	1.2	2.3	3211.28
	1.2	2.3	0
	1.2	2.7	0
	1.2	2.7	0
	1.2	2.9	0
	1.2	2.9	0

	1.8	2.1	0
	1.8	2.1	3211.28
	1.8	2.3	3211.28
	1.8	2.3	0
	1.8	2.7	0
	1.8	2.7	0
	1.8	2.9	0
	1.8	2.9	0


	2.2	2.1	0
	2.2	2.1	808.123
	2.2	2.3	808.123
	2.2	2.3	0
	2.2	2.7	0
	2.2	2.7	0
	2.2	2.9	0
	2.2	2.9	0

	2.8	2.1	0
	2.8	2.1	808.123
	2.8	2.3	808.123
	2.8	2.3	0
	2.8	2.7	0
	2.8	2.7	0
	2.8	2.9	0
	2.8	2.9	0


	3.2	2.1	0
	3.2	2.1	259.018
	3.2	2.3	259.018
	3.2	2.3	0
	3.2	2.7	0
	3.2	2.7	0
	3.2	2.9	0
	3.2	2.9	0

	3.8	2.1	0
	3.8	2.1	259.018
	3.8	2.3	259.018
	3.8	2.3	0
	3.8	2.7	0
	3.8	2.7	0
	3.8	2.9	0
	3.8	2.9	0


	4.2	2.1	0
	4.2	2.1	0
	4.2	2.3	0
	4.2	2.3	0
	4.2	2.7	0
	4.2	2.7	0
	4.2	2.9	0
	4.2	2.9	0

	4.8	2.1	0
	4.8	2.1	0
	4.8	2.3	0
	4.8	2.3	0
	4.8	2.7	0
	4.8	2.7	0
	4.8	2.9	0
	4.8	2.9	0


	5.2	2.1	0
	5.2	2.1	0
	5.2	2.3	0
	5.2	2.3	0
	5.2	2.7	0
	5.2	2.7	0
	5.2	2.9	0
	5.2	2.9	0

	5.8	2.1	0
	5.8	2.1	0
	5.8	2.3	0
	5.8	2.3	0
	5.8	2.7	0
	5.8	2.7	0
	5.8	2.9	0
	5.8	2.9	0


	6.2	2.1	0
	6.2	2.1	0
	6.2	2.3	0
	6.2	2.3	0
	6.2	2.7	0
	6.2	2.7	0
	6.2	2.9	0
	6.2	2.9	0

	6.8	2.1	0
	6.8	2.1	0
	6.8	2.3	0
	6.8	2.3	0
	6.8	2.7	0
	6.8	2.7	0
	6.8	2.9	0
	6.8	2.9	0


	0.2	4.1	0
	0.2	4.1	11
	0.2	4.3	11
	0.2	4.3	0
	0.2	4.7	0
	0.2	4.7	0
	0.2	4.9	0
	0.2	4.9	0

	0.8	4.1	0
	0.8	4.1	11
	0.8	4.3	11
	0.8	4.3	0
	0.8	4.7	0
	0.8	4.7	0
	0.8	4.9	0
	0.8	4.9	0


	1.2	4.1	0
	1.2	4.1	14.1774
	1.2	4.3	14.1774
	1.2	4.3	0
	1.2	4.7	0
	1.2	4.7	0
	1.2	4.9	0
	1.2	4.9	0

	1.8	4.1	0
	1.8	4.1	14.1774
	1.8	4.3	14.1774
	1.8	4.3	0
	1.8	4.7	0
	1.8	4.7	0
	1.8	4.9	0
	1.8	4.9	0


	2.2	4.1	0
	2.2	4.1	10.9758
	2.2	4.3	10.9758
	2.2	4.3	0
	2.2	4.7	0
	2.2	4.7	0
	2.2	4.9	0
	2.2	4.9	0

	2.8	4.1	0
	2.8	4.1	10.9758
	2.8	4.3	10.9758
	2.8	4.3	0
	2.8	4.7	0
	2.8	4.7	0
	2.8	4.9	0
	2.8	4.9	0


	3.2	4.1	0
	3.2	4.1	28.4501
	3.2	4.3	28.4501
	3.2	4.3	0
	3.2	4.7	0
	3.2	4.7	0
	3.2	4.9	0
	3.2	4.9	0

	3.8	4.1	0
	3.8	4.1	28.4501
	3.8	4.3	28.4501
	3.8	4.3	0
	3.8	4.7	0
	3.8	4.7	0
	3.8	4.9	0
	3.8	4.9	0


	4.2	4.1	0
	4.2	4.1	0
	4.2	4.3	0
	4.2	4.3	0
	4.2	4.7	0
	4.2	4.7	0
	4.2	4.9	0
	4.2	4.9	0

	4.8	4.1	0
	4.8	4.1	0
	4.8	4.3	0
	4.8	4.3	0
	4.8	4.7	0
	4.8	4.7	0
	4.8	4.9	0
	4.8	4.9	0


	5.2	4.1	0
	5.2	4.1	0
	5.2	4.3	0
	5.2	4.3	0
	5.2	4.7	0
	5.2	4.7	0
	5.2	4.9	0
	5.2	4.9	0

	5.8	4.1	0
	5.8	4.1	0
	5.8	4.3	0
	5.8	4.3	0
	5.8	4.7	0
	5.8	4.7	0
	5.8	4.9	0
	5.8	4.9	0


	6.2	4.1	0
	6.2	4.1	0
	6.2	4.3	0
	6.2	4.3	0
	6.2	4.7	0
	6.2	4.7	0
	6.2	4.9	0
	6.2	4.9	0

	6.8	4.1	0
	6.8	4.1	0
	6.8	4.3	0
	6.8	4.3	0
	6.8	4.7	0
	6.8	4.7	0
	6.8	4.9	0
	6.8	4.9	0


	0.2	6.1	0
	0.2	6.1	0
	0.2	6.3	0
	0.2	6.3	0
	0.2	6.7	0
	0.2	6.7	0
	0.2	6.9	0
	0.2	6.9	0

	0.8	6.1	0
	0.8	6.1	0
	0.8	6.3	0
	0.8	6.3	0
	0.8	6.7	0
	0.8	6.7	0
	0.8	6.9	0
	0.8	6.9	0


	1.2	6.1	0
	1.2	6.1	16
	1.2	6.3	16
	1.2	6.3	0
	1.2	6.7	0
	1.2	6.7	0
	1.2	6.9	0
	1.2	6.9	0

	1.8	6.1	0
	1.8	6.1	16
	1.8	6.3	16
	1.8	6.3	0
	1.8	6.7	0
	1.8	6.7	0
	1.8	6.9	0
	1.8	6.9	0


	2.2	6.1	0
	2.2	6.1	4.5035
	2.2	6.3	4.5035
	2.2	6.3	0
	2.2	6.7	0
	2.2	6.7	15.9515
	2.2	6.9	15.9515
	2.2	6.9	0

	2.8	6.1	0
	2.8	6.1	4.5035
	2.8	6.3	4.5035
	2.8	6.3	0
	2.8	6.7	0
	2.8	6.7	15.9515
	2.8	6.9	15.9515
	2.8	6.9	0


	3.2	6.1	0
	3.2	6.1	13.4249
	3.2	6.3	13.4249
	3.2	6.3	0
	3.2	6.7	0
	3.2	6.7	13.8245
	3.2	6.9	13.8245
	3.2	6.9	0

	3.8	6.1	0
	3.8	6.1	13.4249
	3.8	6.3	13.4249
	3.8	6.3	0
	3.8	6.7	0
	3.8	6.7	13.8245
	3.8	6.9	13.8245
	3.8	6.9	0


	4.2	6.1	0
	4.2	6.1	24.66
	4.2	6.3	24.66
	4.2	6.3	0
	4.2	6.7	0
	4.2	6.7	16.3913
	4.2	6.9	16.3913
	4.2	6.9	0

	4.8	6.1	0
	4.8	6.1	24.66
	4.8	6.3	24.66
	4.8	6.3	0
	4.8	6.7	0
	4.8	6.7	16.3913
	4.8	6.9	16.3913
	4.8	6.9	0


	5.2	6.1	0
	5.2	6.1	0
	5.2	6.3	0
	5.2	6.3	0
	5.2	6.7	0
	5.2	6.7	15.8261
	5.2	6.9	15.8261
	5.2	6.9	0

	5.8	6.1	0
	5.8	6.1	0
	5.8	6.3	0
	5.8	6.3	0
	5.8	6.7	0
	5.8	6.7	15.8261
	5.8	6.9	15.8261
	5.8	6.9	0


	6.2	6.1	0
	6.2	6.1	0
	6.2	6.3	0
	6.2	6.3	0
	6.2	6.7	0
	6.2	6.7	0
	6.2	6.9	0
	6.2	6.9	0

	6.8	6.1	0
	6.8	6.1	0
	6.8	6.3	0
	6.8	6.3	0
	6.8	6.7	0
	6.8	6.7	0
	6.8	6.9	0
	6.8	6.9	0


	0.2	8.1	0
	0.2	8.1	22.6202
	0.2	8.3	22.6202
	0.2	8.3	0
	0.2	8.7	0
	0.2	8.7	0
	0.2	8.9	0
	0.2	8.9	0

	0.8	8.1	0
	0.8	8.1	22.6202
	0.8	8.3	22.6202
	0.8	8.3	0
	0.8	8.7	0
	0.8	8.7	0
	0.8	8.9	0
	0.8	8.9	0


	1.2	8.1	0
	1.2	8.1	43.0341
	1.2	8.3	43.0341
	1.2	8.3	0
	1.2	8.7	0
	1.2	8.7	0
	1.2	8.9	0
	1.2	8.9	0

	1.8	8.1	0
	1.8	8.1	43.0341
	1.8	8.3	43.0341
	1.8	8.3	0
	1.8	8.7	0
	1.8	8.7	0
	1.8	8.9	0
	1.8	8.9	0


	2.2	8.1	0
	2.2	8.1	17
	2.2	8.3	17
	2.2	8.3	0
	2.2	8.7	0
	2.2	8.7	79.7314
	2.2	8.9	79.7314
	2.2	8.9	0

	2.8	8.1	0
	2.8	8.1	17
	2.8	8.3	17
	2.8	8.3	0
	2.8	8.7	0
	2.8	8.7	79.7314
	2.8	8.9	79.7314
	2.8	8.9	0


	3.2	8.1	0
	3.2	8.1	13.1613
	3.2	8.3	13.1613
	3.2	8.3	0
	3.2	8.7	0
	3.2	8.7	81.3648
	3.2	8.9	81.3648
	3.2	8.9	0

	3.8	8.1	0
	3.8	8.1	13.1613
	3.8	8.3	13.1613
	3.8	8.3	0
	3.8	8.7	0
	3.8	8.7	81.3648
	3.8	8.9	81.3648
	3.8	8.9	0


	4.2	8.1	0
	4.2	8.1	0
	4.2	8.3	0
	4.2	8.3	0
	4.2	8.7	0
	4.2	8.7	49.6008
	4.2	8.9	49.6008
	4.2	8.9	0

	4.8	8.1	0
	4.8	8.1	0
	4.8	8.3	0
	4.8	8.3	0
	4.8	8.7	0
	4.8	8.7	49.6008
	4.8	8.9	49.6008
	4.8	8.9	0


	5.2	8.1	0
	5.2	8.1	0
	5.2	8.3	0
	5.2	8.3	0
	5.2	8.7	0
	5.2	8.7	12.3404
	5.2	8.9	12.3404
	5.2	8.9	0

	5.8	8.1	0
	5.8	8.1	0
	5.8	8.3	0
	5.8	8.3	0
	5.8	8.7	0
	5.8	8.7	12.3404
	5.8	8.9	12.3404
	5.8	8.9	0


	6.2	8.1	0
	6.2	8.1	0
	6.2	8.3	0
	6.2	8.3	0
	6.2	8.7	0
	6.2	8.7	0
	6.2	8.9	0
	6.2	8.9	0

	6.8	8.1	0
	6.8	8.1	0
	6.8	8.3	0
	6.8	8.3	0
	6.8	8.7	0
	6.8	8.7	0
	6.8	8.9	0
	6.8	8.9	0


	0.2	10.1	0
	0.2	10.1	5.94983
	0.2	10.3	5.94983
	0.2	10.3	0
	0.2	10.7	0
	0.2	10.7	0
	0.2	10.9	0
	0.2	10.9	0

	0.8	10.1	0
	0.8	10.1	5.94983
	0.8	10.3	5.94983
	0.8	10.3	0
	0.8	10.7	0
	0.8	10.7	0
	0.8	10.9	0
	0.8	10.9	0


	1.2	10.1	0
	1.2	10.1	14.0623
	1.2	10.3	14.0623
	1.2	10.3	0
	1.2	10.7	0
	1.2	10.7	0
	1.2	10.9	0
	1.2	10.9	0

	1.8	10.1	0
	1.8	10.1	14.0623
	1.8	10.3	14.0623
	1.8	10.3	0
	1.8	10.7	0
	1.8	10.7	0
	1.8	10.9	0
	1.8	10.9	0


	2.2	10.1	0
	2.2	10.1	0
	2.2	10.3	0
	2.2	10.3	0
	2.2	10.7	0
	2.2	10.7	0
	2.2	10.9	0
	2.2	10.9	0

	2.8	10.1	0
	2.8	10.1	0
	2.8	10.3	0
	2.8	10.3	0
	2.8	10.7	0
	2.8	10.7	0
	2.8	10.9	0
	2.8	10.9	0


	3.2	10.1	0
	3.2	10.1	0
	3.2	10.3	0
	3.2	10.3	0
	3.2	10.7	0
	3.2	10.7	0
	3.2	10.9	0
	3.2	10.9	0

	3.8	10.1	0
	3.8	10.1	0
	3.8	10.3	0
	3.8	10.3	0
	3.8	10.7	0
	3.8	10.7	0
	3.8	10.9	0
	3.8	10.9	0


	4.2	10.1	0
	4.2	10.1	0
	4.2	10.3	0
	4.2	10.3	0
	4.2	10.7	0
	4.2	10.7	1382.42
	4.2	10.9	1382.42
	4.2	10.9	0

	4.8	10.1	0
	4.8	10.1	0
	4.8	10.3	0
	4.8	10.3	0
	4.8	10.7	0
	4.8	10.7	1382.42
	4.8	10.9	1382.42
	4.8	10.9	0


	5.2	10.1	0
	5.2	10.1	0
	5.2	10.3	0
	5.2	10.3	0
	5.2	10.7	0
	5.2	10.7	758.626
	5.2	10.9	758.626
	5.2	10.9	0

	5.8	10.1	0
	5.8	10.1	0
	5.8	10.3	0
	5.8	10.3	0
	5.8	10.7	0
	5.8	10.7	758.626
	5.8	10.9	758.626
	5.8	10.9	0


	6.2	10.1	0
	6.2	10.1	0
	6.2	10.3	0
	6.2	10.3	0
	6.2	10.7	0
	6.2	10.7	0
	6.2	10.9	0
	6.2	10.9	0

	6.8	10.1	0
	6.8	10.1	0
	6.8	10.3	0
	6.8	10.3	0
	6.8	10.7	0
	6.8	10.7	0
	6.8	10.9	0
	6.8	10.9	0


	0.2	12.1	0
	0.2	12.1	0
	0.2	12.3	0
	0.2	12.3	0
	0.2	12.7	0
	0.2	12.7	0
	0.2	12.9	0
	0.2	12.9	0

	0.8	12.1	0
	0.8	12.1	0
	0.8	12.3	0
	0.8	12.3	0
	0.8	12.7	0
	0.8	12.7	0
	0.8	12.9	0
	0.8	12.9	0


	1.2	12.1	0
	1.2	12.1	0
	1.2	12.3	0
	1.2	12.3	0
	1.2	12.7	0
	1.2	12.7	0
	1.2	12.9	0
	1.2	12.9	0

	1.8	12.1	0
	1.8	12.1	0
	1.8	12.3	0
	1.8	12.3	0
	1.8	12.7	0
	1.8	12.7	0
	1.8	12.9	0
	1.8	12.9	0


	2.2	12.1	0
	2.2	12.1	0
	2.2	12.3	0
	2.2	12.3	0
	2.2	12.7	0
	2.2	12.7	0
	2.2	12.9	0
	2.2	12.9	0

	2.8	12.1	0
	2.8	12.1	0
	2.8	12.3	0
	2.8	12.3	0
	2.8	12.7	0
	2.8	12.7	0
	2.8	12.9	0
	2.8	12.9	0


	3.2	12.1	0
	3.2	12.1	0
	3.2	12.3	0
	3.2	12.3	0
	3.2	12.7	0
	3.2	12.7	0
	3.2	12.9	0
	3.2	12.9	0

	3.8	12.1	0
	3.8	12.1	0
	3.8	12.3	0
	3.8	12.3	0
	3.8	12.7	0
	3.8	12.7	0
	3.8	12.9	0
	3.8	12.9	0


	4.2	12.1	0
	4.2	12.1	0
	4.2	12.3	0
	4.2	12.3	0
	4.2	12.7	0
	4.2	12.7	265.331
	4.2	12.9	265.331
	4.2	12.9	0

	4.8	12.1	0
	4.8	12.1	0
	4.8	12.3	0
	4.8	12.3	0
	4.8	12.7	0
	4.8	12.7	265.331
	4.8	12.9	265.331
	4.8	12.9	0


	5.2	12.1	0
	5.2	12.1	0
	5.2	12.3	0
	5.2	12.3	0
	5.2	12.7	0
	5.2	12.7	147.933
	5.2	12.9	147.933
	5.2	12.9	0

	5.8	12.1	0
	5.8	12.1	0
	5.8	12.3	0
	5.8	12.3	0
	5.8	12.7	0
	5.8	12.7	147.933
	5.8	12.9	147.933
	5.8	12.9	0


	6.2	12.1	0
	6.2	12.1	0
	6.2	12.3	0
	6.2	12.3	0
	6.2	12.7	0
	6.2	12.7	0
	6.2	12.9	0
	6.2	12.9	0

	6.8	12.1	0
	6.8	12.1	0
	6.8	12.3	0
	6.8	12.3	0
	6.8	12.7	0
	6.8	12.7	0
	6.8	12.9	0
	6.8	12.9	0


	0.2	14.1	0
	0.2	14.1	0
	0.2	14.3	0
	0.2	14.3	0
	0.2	14.7	0
	0.2	14.7	0
	0.2	14.9	0
	0.2	14.9	0

	0.8	14.1	0
	0.8	14.1	0
	0.8	14.3	0
	0.8	14.3	0
	0.8	14.7	0
	0.8	14.7	0
	0.8	14.9	0
	0.8	14.9	0


	1.2	14.1	0
	1.2	14.1	0
	1.2	14.3	0
	1.2	14.3	0
	1.2	14.7	0
	1.2	14.7	0
	1.2	14.9	0
	1.2	14.9	0

	1.8	14.1	0
	1.8	14.1	0
	1.8	14.3	0
	1.8	14.3	0
	1.8	14.7	0
	1.8	14.7	0
	1.8	14.9	0
	1.8	14.9	0


	2.2	14.1	0
	2.2	14.1	0
	2.2	14.3	0
	2.2	14.3	0
	2.2	14.7	0
	2.2	14.7	0
	2.2	14.9	0
	2.2	14.9	0

	2.8	14.1	0
	2.8	14.1	0
	2.8	14.3	0
	2.8	14.3	0
	2.8	14.7	0
	2.8	14.7	0
	2.8	14.9	0
	2.8	14.9	0


	3.2	14.1	0
	3.2	14.1	0
	3.2	14.3	0
	3.2	14.3	0
	3.2	14.7	0
	3.2	14.7	0
	3.2	14.9	0
	3.2	14.9	0

	3.8	14.1	0
	3.8	14.1	0
	3.8	14.3	0
	3.8	14.3	0
	3.8	14.7	0
	3.8	14.7	0
	3.8	14.9	0
	3.8	14.9	0


	4.2	14.1	0
	4.2	14.1	0
	4.2	14.3	0
	4.2	14.3	0
	4.2	14.7	0
	4.2	14.7	44.2183
	4.2	14.9	44.2183
	4.2	14.9	0

	4.8	14.1	0
	4.8	14.1	0
	4.8	14.3	0
	4.8	14.3	0
	4.8	14.7	0
	4.8	14.7	44.2183
	4.8	14.9	44.2183
	4.8	14.9	0


	5.2	14.1	0
	5.2	14.1	0
	5.2	14.3	0
	5.2	14.3	0
	5.2	14.7	0
	5.2	14.7	32.8945
	5.2	14.9	32.8945
	5.2	14.9	0

	5.8	14.1	0
	5.8	14.1	0
	5.8	14.3	0
	5.8	14.3	0
	5.8	14.7	0
	5.8	14.7	32.8945
	5.8	14.9	32.8945
	5.8	14.9	0


	6.2	14.1	0
	6.2	14.1	0
	6.2	14.3	0
	6.2	14.3	0
	6.2	14.7	0
	6.2	14.7	0
	6.2	14.9	0
	6.2	14.9	0

	6.8	14.1	0
	6.8	14.1	0
	6.8	14.3	0
	6.8	14.3	0
	6.8	14.7	0
	6.8	14.7	0
	6.8	14.9	0
	6.8	14.9	0


