	0.1	0.2	0
	0.1	0.2	0
	0.3	0.2	0
	0.3	0.2	0
	0.7	0.2	0
	0.7	0.2	448.68
	0.9	0.2	448.68
	0.9	0.2	0

	0.1	0.8	0
	0.1	0.8	0
	0.3	0.8	0
	0.3	0.8	0
	0.7	0.8	0
	0.7	0.8	448.68
	0.9	0.8	448.68
	0.9	0.8	0


	0.1	2.2	0
	0.1	2.2	0
	0.3	2.2	0
	0.3	2.2	0
	0.7	2.2	0
	0.7	2.2	6404.33
	0.9	2.2	6404.33
	0.9	2.2	0

	0.1	2.8	0
	0.1	2.8	0
	0.3	2.8	0
	0.3	2.8	0
	0.7	2.8	0
	0.7	2.8	6404.33
	0.9	2.8	6404.33
	0.9	2.8	0


	0.1	4.2	0
	0.1	4.2	0
	0.3	4.2	0
	0.3	4.2	0
	0.7	4.2	0
	0.7	4.2	0
	0.9	4.2	0
	0.9	4.2	0

	0.1	4.8	0
	0.1	4.8	0
	0.3	4.8	0
	0.3	4.8	0
	0.7	4.8	0
	0.7	4.8	0
	0.9	4.8	0
	0.9	4.8	0


	0.1	6.2	0
	0.1	6.2	0
	0.3	6.2	0
	0.3	6.2	0
	0.7	6.2	0
	0.7	6.2	0
	0.9	6.2	0
	0.9	6.2	0

	0.1	6.8	0
	0.1	6.8	0
	0.3	6.8	0
	0.3	6.8	0
	0.7	6.8	0
	0.7	6.8	0
	0.9	6.8	0
	0.9	6.8	0


	0.1	8.2	0
	0.1	8.2	7.90012
	0.3	8.2	7.90012
	0.3	8.2	0
	0.7	8.2	0
	0.7	8.2	0
	0.9	8.2	0
	0.9	8.2	0

	0.1	8.8	0
	0.1	8.8	7.90012
	0.3	8.8	7.90012
	0.3	8.8	0
	0.7	8.8	0
	0.7	8.8	0
	0.9	8.8	0
	0.9	8.8	0


	0.1	10.2	0
	0.1	10.2	0
	0.3	10.2	0
	0.3	10.2	0
	0.7	10.2	0
	0.7	10.2	0
	0.9	10.2	0
	0.9	10.2	0

	0.1	10.8	0
	0.1	10.8	0
	0.3	10.8	0
	0.3	10.8	0
	0.7	10.8	0
	0.7	10.8	0
	0.9	10.8	0
	0.9	10.8	0


	0.1	12.2	0
	0.1	12.2	0
	0.3	12.2	0
	0.3	12.2	0
	0.7	12.2	0
	0.7	12.2	0
	0.9	12.2	0
	0.9	12.2	0

	0.1	12.8	0
	0.1	12.8	0
	0.3	12.8	0
	0.3	12.8	0
	0.7	12.8	0
	0.7	12.8	0
	0.9	12.8	0
	0.9	12.8	0


	1.1	0.2	0
	1.1	0.2	0
	1.3	0.2	0
	1.3	0.2	0
	1.7	0.2	0
	1.7	0.2	473.763
	1.9	0.2	473.763
	1.9	0.2	0

	1.1	0.8	0
	1.1	0.8	0
	1.3	0.8	0
	1.3	0.8	0
	1.7	0.8	0
	1.7	0.8	473.763
	1.9	0.8	473.763
	1.9	0.8	0


	1.1	2.2	0
	1.1	2.2	0
	1.3	2.2	0
	1.3	2.2	0
	1.7	2.2	0
	1.7	2.2	5758.75
	1.9	2.2	5758.75
	1.9	2.2	0

	1.1	2.8	0
	1.1	2.8	0
	1.3	2.8	0
	1.3	2.8	0
	1.7	2.8	0
	1.7	2.8	5758.75
	1.9	2.8	5758.75
	1.9	2.8	0


	1.1	4.2	0
	1.1	4.2	0
	1.3	4.2	0
	1.3	4.2	0
	1.7	4.2	0
	1.7	4.2	10
	1.9	4.2	10
	1.9	4.2	0

	1.1	4.8	0
	1.1	4.8	0
	1.3	4.8	0
	1.3	4.8	0
	1.7	4.8	0
	1.7	4.8	10
	1.9	4.8	10
	1.9	4.8	0


	1.1	6.2	0
	1.1	6.2	0
	1.3	6.2	0
	1.3	6.2	0
	1.7	6.2	0
	1.7	6.2	0
	1.9	6.2	0
	1.9	6.2	0

	1.1	6.8	0
	1.1	6.8	0
	1.3	6.8	0
	1.3	6.8	0
	1.7	6.8	0
	1.7	6.8	0
	1.9	6.8	0
	1.9	6.8	0


	1.1	8.2	0
	1.1	8.2	14.4078
	1.3	8.2	14.4078
	1.3	8.2	0
	1.7	8.2	0
	1.7	8.2	0
	1.9	8.2	0
	1.9	8.2	0

	1.1	8.8	0
	1.1	8.8	14.4078
	1.3	8.8	14.4078
	1.3	8.8	0
	1.7	8.8	0
	1.7	8.8	0
	1.9	8.8	0
	1.9	8.8	0


	1.1	10.2	0
	1.1	10.2	0
	1.3	10.2	0
	1.3	10.2	0
	1.7	10.2	0
	1.7	10.2	0
	1.9	10.2	0
	1.9	10.2	0

	1.1	10.8	0
	1.1	10.8	0
	1.3	10.8	0
	1.3	10.8	0
	1.7	10.8	0
	1.7	10.8	0
	1.9	10.8	0
	1.9	10.8	0


	1.1	12.2	0
	1.1	12.2	0
	1.3	12.2	0
	1.3	12.2	0
	1.7	12.2	0
	1.7	12.2	0
	1.9	12.2	0
	1.9	12.2	0

	1.1	12.8	0
	1.1	12.8	0
	1.3	12.8	0
	1.3	12.8	0
	1.7	12.8	0
	1.7	12.8	0
	1.9	12.8	0
	1.9	12.8	0


	2.1	0.2	0
	2.1	0.2	0
	2.3	0.2	0
	2.3	0.2	0
	2.7	0.2	0
	2.7	0.2	47.5524
	2.9	0.2	47.5524
	2.9	0.2	0

	2.1	0.8	0
	2.1	0.8	0
	2.3	0.8	0
	2.3	0.8	0
	2.7	0.8	0
	2.7	0.8	47.5524
	2.9	0.8	47.5524
	2.9	0.8	0


	2.1	2.2	0
	2.1	2.2	0
	2.3	2.2	0
	2.3	2.2	0
	2.7	2.2	0
	2.7	2.2	281.956
	2.9	2.2	281.956
	2.9	2.2	0

	2.1	2.8	0
	2.1	2.8	0
	2.3	2.8	0
	2.3	2.8	0
	2.7	2.8	0
	2.7	2.8	281.956
	2.9	2.8	281.956
	2.9	2.8	0


	2.1	4.2	0
	2.1	4.2	0
	2.3	4.2	0
	2.3	4.2	0
	2.7	4.2	0
	2.7	4.2	10.6667
	2.9	4.2	10.6667
	2.9	4.2	0

	2.1	4.8	0
	2.1	4.8	0
	2.3	4.8	0
	2.3	4.8	0
	2.7	4.8	0
	2.7	4.8	10.6667
	2.9	4.8	10.6667
	2.9	4.8	0


	2.1	6.2	0
	2.1	6.2	0
	2.3	6.2	0
	2.3	6.2	0
	2.7	6.2	0
	2.7	6.2	13.2336
	2.9	6.2	13.2336
	2.9	6.2	0

	2.1	6.8	0
	2.1	6.8	0
	2.3	6.8	0
	2.3	6.8	0
	2.7	6.8	0
	2.7	6.8	13.2336
	2.9	6.8	13.2336
	2.9	6.8	0


	2.1	8.2	0
	2.1	8.2	14.1999
	2.3	8.2	14.1999
	2.3	8.2	0
	2.7	8.2	0
	2.7	8.2	0
	2.9	8.2	0
	2.9	8.2	0

	2.1	8.8	0
	2.1	8.8	14.1999
	2.3	8.8	14.1999
	2.3	8.8	0
	2.7	8.8	0
	2.7	8.8	0
	2.9	8.8	0
	2.9	8.8	0


	2.1	10.2	0
	2.1	10.2	0
	2.3	10.2	0
	2.3	10.2	0
	2.7	10.2	0
	2.7	10.2	0
	2.9	10.2	0
	2.9	10.2	0

	2.1	10.8	0
	2.1	10.8	0
	2.3	10.8	0
	2.3	10.8	0
	2.7	10.8	0
	2.7	10.8	0
	2.9	10.8	0
	2.9	10.8	0


	2.1	12.2	0
	2.1	12.2	0
	2.3	12.2	0
	2.3	12.2	0
	2.7	12.2	0
	2.7	12.2	0
	2.9	12.2	0
	2.9	12.2	0

	2.1	12.8	0
	2.1	12.8	0
	2.3	12.8	0
	2.3	12.8	0
	2.7	12.8	0
	2.7	12.8	0
	2.9	12.8	0
	2.9	12.8	0


	3.1	0.2	0
	3.1	0.2	0
	3.3	0.2	0
	3.3	0.2	0
	3.7	0.2	0
	3.7	0.2	70.5355
	3.9	0.2	70.5355
	3.9	0.2	0

	3.1	0.8	0
	3.1	0.8	0
	3.3	0.8	0
	3.3	0.8	0
	3.7	0.8	0
	3.7	0.8	70.5355
	3.9	0.8	70.5355
	3.9	0.8	0


	3.1	2.2	0
	3.1	2.2	0
	3.3	2.2	0
	3.3	2.2	0
	3.7	2.2	0
	3.7	2.2	363.729
	3.9	2.2	363.729
	3.9	2.2	0

	3.1	2.8	0
	3.1	2.8	0
	3.3	2.8	0
	3.3	2.8	0
	3.7	2.8	0
	3.7	2.8	363.729
	3.9	2.8	363.729
	3.9	2.8	0


	3.1	4.2	0
	3.1	4.2	0
	3.3	4.2	0
	3.3	4.2	0
	3.7	4.2	0
	3.7	4.2	15.8364
	3.9	4.2	15.8364
	3.9	4.2	0

	3.1	4.8	0
	3.1	4.8	0
	3.3	4.8	0
	3.3	4.8	0
	3.7	4.8	0
	3.7	4.8	15.8364
	3.9	4.8	15.8364
	3.9	4.8	0


	3.1	6.2	0
	3.1	6.2	0
	3.3	6.2	0
	3.3	6.2	0
	3.7	6.2	0
	3.7	6.2	10.25
	3.9	6.2	10.25
	3.9	6.2	0

	3.1	6.8	0
	3.1	6.8	0
	3.3	6.8	0
	3.3	6.8	0
	3.7	6.8	0
	3.7	6.8	10.25
	3.9	6.8	10.25
	3.9	6.8	0


	3.1	8.2	0
	3.1	8.2	0
	3.3	8.2	0
	3.3	8.2	0
	3.7	8.2	0
	3.7	8.2	0
	3.9	8.2	0
	3.9	8.2	0

	3.1	8.8	0
	3.1	8.8	0
	3.3	8.8	0
	3.3	8.8	0
	3.7	8.8	0
	3.7	8.8	0
	3.9	8.8	0
	3.9	8.8	0


	3.1	10.2	0
	3.1	10.2	0
	3.3	10.2	0
	3.3	10.2	0
	3.7	10.2	0
	3.7	10.2	0
	3.9	10.2	0
	3.9	10.2	0

	3.1	10.8	0
	3.1	10.8	0
	3.3	10.8	0
	3.3	10.8	0
	3.7	10.8	0
	3.7	10.8	0
	3.9	10.8	0
	3.9	10.8	0


	3.1	12.2	0
	3.1	12.2	0
	3.3	12.2	0
	3.3	12.2	0
	3.7	12.2	0
	3.7	12.2	0
	3.9	12.2	0
	3.9	12.2	0

	3.1	12.8	0
	3.1	12.8	0
	3.3	12.8	0
	3.3	12.8	0
	3.7	12.8	0
	3.7	12.8	0
	3.9	12.8	0
	3.9	12.8	0


	4.1	0.2	0
	4.1	0.2	0
	4.3	0.2	0
	4.3	0.2	0
	4.7	0.2	0
	4.7	0.2	14.6002
	4.9	0.2	14.6002
	4.9	0.2	0

	4.1	0.8	0
	4.1	0.8	0
	4.3	0.8	0
	4.3	0.8	0
	4.7	0.8	0
	4.7	0.8	14.6002
	4.9	0.8	14.6002
	4.9	0.8	0


	4.1	2.2	0
	4.1	2.2	0
	4.3	2.2	0
	4.3	2.2	0
	4.7	2.2	0
	4.7	2.2	87.1628
	4.9	2.2	87.1628
	4.9	2.2	0

	4.1	2.8	0
	4.1	2.8	0
	4.3	2.8	0
	4.3	2.8	0
	4.7	2.8	0
	4.7	2.8	87.1628
	4.9	2.8	87.1628
	4.9	2.8	0


	4.1	4.2	0
	4.1	4.2	14.31
	4.3	4.2	14.31
	4.3	4.2	0
	4.7	4.2	0
	4.7	4.2	70.3642
	4.9	4.2	70.3642
	4.9	4.2	0

	4.1	4.8	0
	4.1	4.8	14.31
	4.3	4.8	14.31
	4.3	4.8	0
	4.7	4.8	0
	4.7	4.8	70.3642
	4.9	4.8	70.3642
	4.9	4.8	0


	4.1	6.2	0
	4.1	6.2	103.214
	4.3	6.2	103.214
	4.3	6.2	0
	4.7	6.2	0
	4.7	6.2	64.4906
	4.9	6.2	64.4906
	4.9	6.2	0

	4.1	6.8	0
	4.1	6.8	103.214
	4.3	6.8	103.214
	4.3	6.8	0
	4.7	6.8	0
	4.7	6.8	64.4906
	4.9	6.8	64.4906
	4.9	6.8	0


	4.1	8.2	0
	4.1	8.2	259.246
	4.3	8.2	259.246
	4.3	8.2	0
	4.7	8.2	0
	4.7	8.2	0
	4.9	8.2	0
	4.9	8.2	0

	4.1	8.8	0
	4.1	8.8	259.246
	4.3	8.8	259.246
	4.3	8.8	0
	4.7	8.8	0
	4.7	8.8	0
	4.9	8.8	0
	4.9	8.8	0


	4.1	10.2	0
	4.1	10.2	133.183
	4.3	10.2	133.183
	4.3	10.2	0
	4.7	10.2	0
	4.7	10.2	0
	4.9	10.2	0
	4.9	10.2	0

	4.1	10.8	0
	4.1	10.8	133.183
	4.3	10.8	133.183
	4.3	10.8	0
	4.7	10.8	0
	4.7	10.8	0
	4.9	10.8	0
	4.9	10.8	0


	4.1	12.2	0
	4.1	12.2	48.8242
	4.3	12.2	48.8242
	4.3	12.2	0
	4.7	12.2	0
	4.7	12.2	0
	4.9	12.2	0
	4.9	12.2	0

	4.1	12.8	0
	4.1	12.8	48.8242
	4.3	12.8	48.8242
	4.3	12.8	0
	4.7	12.8	0
	4.7	12.8	0
	4.9	12.8	0
	4.9	12.8	0


	5.1	0.2	0
	5.1	0.2	0
	5.3	0.2	0
	5.3	0.2	0
	5.7	0.2	0
	5.7	0.2	0
	5.9	0.2	0
	5.9	0.2	0

	5.1	0.8	0
	5.1	0.8	0
	5.3	0.8	0
	5.3	0.8	0
	5.7	0.8	0
	5.7	0.8	0
	5.9	0.8	0
	5.9	0.8	0


	5.1	2.2	0
	5.1	2.2	0
	5.3	2.2	0
	5.3	2.2	0
	5.7	2.2	0
	5.7	2.2	0
	5.9	2.2	0
	5.9	2.2	0

	5.1	2.8	0
	5.1	2.8	0
	5.3	2.8	0
	5.3	2.8	0
	5.7	2.8	0
	5.7	2.8	0
	5.9	2.8	0
	5.9	2.8	0


	5.1	4.2	0
	5.1	4.2	0
	5.3	4.2	0
	5.3	4.2	0
	5.7	4.2	0
	5.7	4.2	0
	5.9	4.2	0
	5.9	4.2	0

	5.1	4.8	0
	5.1	4.8	0
	5.3	4.8	0
	5.3	4.8	0
	5.7	4.8	0
	5.7	4.8	0
	5.9	4.8	0
	5.9	4.8	0


	5.1	6.2	0
	5.1	6.2	0
	5.3	6.2	0
	5.3	6.2	0
	5.7	6.2	0
	5.7	6.2	0
	5.9	6.2	0
	5.9	6.2	0

	5.1	6.8	0
	5.1	6.8	0
	5.3	6.8	0
	5.3	6.8	0
	5.7	6.8	0
	5.7	6.8	0
	5.9	6.8	0
	5.9	6.8	0


	5.1	8.2	0
	5.1	8.2	0
	5.3	8.2	0
	5.3	8.2	0
	5.7	8.2	0
	5.7	8.2	0
	5.9	8.2	0
	5.9	8.2	0

	5.1	8.8	0
	5.1	8.8	0
	5.3	8.8	0
	5.3	8.8	0
	5.7	8.8	0
	5.7	8.8	0
	5.9	8.8	0
	5.9	8.8	0


	5.1	10.2	0
	5.1	10.2	0
	5.3	10.2	0
	5.3	10.2	0
	5.7	10.2	0
	5.7	10.2	0
	5.9	10.2	0
	5.9	10.2	0

	5.1	10.8	0
	5.1	10.8	0
	5.3	10.8	0
	5.3	10.8	0
	5.7	10.8	0
	5.7	10.8	0
	5.9	10.8	0
	5.9	10.8	0


	5.1	12.2	0
	5.1	12.2	0
	5.3	12.2	0
	5.3	12.2	0
	5.7	12.2	0
	5.7	12.2	0
	5.9	12.2	0
	5.9	12.2	0

	5.1	12.8	0
	5.1	12.8	0
	5.3	12.8	0
	5.3	12.8	0
	5.7	12.8	0
	5.7	12.8	0
	5.9	12.8	0
	5.9	12.8	0


	6.1	0.2	0
	6.1	0.2	0
	6.3	0.2	0
	6.3	0.2	0
	6.7	0.2	0
	6.7	0.2	0
	6.9	0.2	0
	6.9	0.2	0

	6.1	0.8	0
	6.1	0.8	0
	6.3	0.8	0
	6.3	0.8	0
	6.7	0.8	0
	6.7	0.8	0
	6.9	0.8	0
	6.9	0.8	0


	6.1	2.2	0
	6.1	2.2	0
	6.3	2.2	0
	6.3	2.2	0
	6.7	2.2	0
	6.7	2.2	0
	6.9	2.2	0
	6.9	2.2	0

	6.1	2.8	0
	6.1	2.8	0
	6.3	2.8	0
	6.3	2.8	0
	6.7	2.8	0
	6.7	2.8	0
	6.9	2.8	0
	6.9	2.8	0


	6.1	4.2	0
	6.1	4.2	0
	6.3	4.2	0
	6.3	4.2	0
	6.7	4.2	0
	6.7	4.2	0
	6.9	4.2	0
	6.9	4.2	0

	6.1	4.8	0
	6.1	4.8	0
	6.3	4.8	0
	6.3	4.8	0
	6.7	4.8	0
	6.7	4.8	0
	6.9	4.8	0
	6.9	4.8	0


	6.1	6.2	0
	6.1	6.2	14.7246
	6.3	6.2	14.7246
	6.3	6.2	0
	6.7	6.2	0
	6.7	6.2	0
	6.9	6.2	0
	6.9	6.2	0

	6.1	6.8	0
	6.1	6.8	14.7246
	6.3	6.8	14.7246
	6.3	6.8	0
	6.7	6.8	0
	6.7	6.8	0
	6.9	6.8	0
	6.9	6.8	0


	6.1	8.2	0
	6.1	8.2	331.405
	6.3	8.2	331.405
	6.3	8.2	0
	6.7	8.2	0
	6.7	8.2	0
	6.9	8.2	0
	6.9	8.2	0

	6.1	8.8	0
	6.1	8.8	331.405
	6.3	8.8	331.405
	6.3	8.8	0
	6.7	8.8	0
	6.7	8.8	0
	6.9	8.8	0
	6.9	8.8	0


	6.1	10.2	0
	6.1	10.2	214.331
	6.3	10.2	214.331
	6.3	10.2	0
	6.7	10.2	0
	6.7	10.2	0
	6.9	10.2	0
	6.9	10.2	0

	6.1	10.8	0
	6.1	10.8	214.331
	6.3	10.8	214.331
	6.3	10.8	0
	6.7	10.8	0
	6.7	10.8	0
	6.9	10.8	0
	6.9	10.8	0


	6.1	12.2	0
	6.1	12.2	23.5796
	6.3	12.2	23.5796
	6.3	12.2	0
	6.7	12.2	0
	6.7	12.2	0
	6.9	12.2	0
	6.9	12.2	0

	6.1	12.8	0
	6.1	12.8	23.5796
	6.3	12.8	23.5796
	6.3	12.8	0
	6.7	12.8	0
	6.7	12.8	0
	6.9	12.8	0
	6.9	12.8	0


	7.1	0.2	0
	7.1	0.2	0
	7.3	0.2	0
	7.3	0.2	0
	7.7	0.2	0
	7.7	0.2	0
	7.9	0.2	0
	7.9	0.2	0

	7.1	0.8	0
	7.1	0.8	0
	7.3	0.8	0
	7.3	0.8	0
	7.7	0.8	0
	7.7	0.8	0
	7.9	0.8	0
	7.9	0.8	0


	7.1	2.2	0
	7.1	2.2	0
	7.3	2.2	0
	7.3	2.2	0
	7.7	2.2	0
	7.7	2.2	0
	7.9	2.2	0
	7.9	2.2	0

	7.1	2.8	0
	7.1	2.8	0
	7.3	2.8	0
	7.3	2.8	0
	7.7	2.8	0
	7.7	2.8	0
	7.9	2.8	0
	7.9	2.8	0


	7.1	4.2	0
	7.1	4.2	0
	7.3	4.2	0
	7.3	4.2	0
	7.7	4.2	0
	7.7	4.2	0
	7.9	4.2	0
	7.9	4.2	0

	7.1	4.8	0
	7.1	4.8	0
	7.3	4.8	0
	7.3	4.8	0
	7.7	4.8	0
	7.7	4.8	0
	7.9	4.8	0
	7.9	4.8	0


	7.1	6.2	0
	7.1	6.2	0
	7.3	6.2	0
	7.3	6.2	0
	7.7	6.2	0
	7.7	6.2	0
	7.9	6.2	0
	7.9	6.2	0

	7.1	6.8	0
	7.1	6.8	0
	7.3	6.8	0
	7.3	6.8	0
	7.7	6.8	0
	7.7	6.8	0
	7.9	6.8	0
	7.9	6.8	0


	7.1	8.2	0
	7.1	8.2	0
	7.3	8.2	0
	7.3	8.2	0
	7.7	8.2	0
	7.7	8.2	0
	7.9	8.2	0
	7.9	8.2	0

	7.1	8.8	0
	7.1	8.8	0
	7.3	8.8	0
	7.3	8.8	0
	7.7	8.8	0
	7.7	8.8	0
	7.9	8.8	0
	7.9	8.8	0


	7.1	10.2	0
	7.1	10.2	0
	7.3	10.2	0
	7.3	10.2	0
	7.7	10.2	0
	7.7	10.2	0
	7.9	10.2	0
	7.9	10.2	0

	7.1	10.8	0
	7.1	10.8	0
	7.3	10.8	0
	7.3	10.8	0
	7.7	10.8	0
	7.7	10.8	0
	7.9	10.8	0
	7.9	10.8	0


	7.1	12.2	0
	7.1	12.2	0
	7.3	12.2	0
	7.3	12.2	0
	7.7	12.2	0
	7.7	12.2	0
	7.9	12.2	0
	7.9	12.2	0

	7.1	12.8	0
	7.1	12.8	0
	7.3	12.8	0
	7.3	12.8	0
	7.7	12.8	0
	7.7	12.8	0
	7.9	12.8	0
	7.9	12.8	0


