	0.1	0.2	0
	0.1	0.2	0
	0.3	0.2	0
	0.3	0.2	0
	0.7	0.2	0
	0.7	0.2	0.211823
	0.9	0.2	0.211823
	0.9	0.2	0

	0.1	0.8	0
	0.1	0.8	0
	0.3	0.8	0
	0.3	0.8	0
	0.7	0.8	0
	0.7	0.8	0.211823
	0.9	0.8	0.211823
	0.9	0.8	0


	0.1	2.2	0
	0.1	2.2	0
	0.3	2.2	0
	0.3	2.2	0
	0.7	2.2	0
	0.7	2.2	3.33333
	0.9	2.2	3.33333
	0.9	2.2	0

	0.1	2.8	0
	0.1	2.8	0
	0.3	2.8	0
	0.3	2.8	0
	0.7	2.8	0
	0.7	2.8	3.33333
	0.9	2.8	3.33333
	0.9	2.8	0


	0.1	4.2	0
	0.1	4.2	0
	0.3	4.2	0
	0.3	4.2	0
	0.7	4.2	0
	0.7	4.2	2.5
	0.9	4.2	2.5
	0.9	4.2	0

	0.1	4.8	0
	0.1	4.8	0
	0.3	4.8	0
	0.3	4.8	0
	0.7	4.8	0
	0.7	4.8	2.5
	0.9	4.8	2.5
	0.9	4.8	0


	0.1	6.2	0
	0.1	6.2	0
	0.3	6.2	0
	0.3	6.2	0
	0.7	6.2	0
	0.7	6.2	0
	0.9	6.2	0
	0.9	6.2	0

	0.1	6.8	0
	0.1	6.8	0
	0.3	6.8	0
	0.3	6.8	0
	0.7	6.8	0
	0.7	6.8	0
	0.9	6.8	0
	0.9	6.8	0


	0.1	8.2	0
	0.1	8.2	3.14789
	0.3	8.2	3.14789
	0.3	8.2	0
	0.7	8.2	0
	0.7	8.2	0
	0.9	8.2	0
	0.9	8.2	0

	0.1	8.8	0
	0.1	8.8	3.14789
	0.3	8.8	3.14789
	0.3	8.8	0
	0.7	8.8	0
	0.7	8.8	0
	0.9	8.8	0
	0.9	8.8	0


	0.1	10.2	0
	0.1	10.2	0
	0.3	10.2	0
	0.3	10.2	0
	0.7	10.2	0
	0.7	10.2	0
	0.9	10.2	0
	0.9	10.2	0

	0.1	10.8	0
	0.1	10.8	0
	0.3	10.8	0
	0.3	10.8	0
	0.7	10.8	0
	0.7	10.8	0
	0.9	10.8	0
	0.9	10.8	0


	0.1	12.2	0
	0.1	12.2	0
	0.3	12.2	0
	0.3	12.2	0
	0.7	12.2	0
	0.7	12.2	0
	0.9	12.2	0
	0.9	12.2	0

	0.1	12.8	0
	0.1	12.8	0
	0.3	12.8	0
	0.3	12.8	0
	0.7	12.8	0
	0.7	12.8	0
	0.9	12.8	0
	0.9	12.8	0


	1.1	0.2	0
	1.1	0.2	0
	1.3	0.2	0
	1.3	0.2	0
	1.7	0.2	0
	1.7	0.2	0.531505
	1.9	0.2	0.531505
	1.9	0.2	0

	1.1	0.8	0
	1.1	0.8	0
	1.3	0.8	0
	1.3	0.8	0
	1.7	0.8	0
	1.7	0.8	0.531505
	1.9	0.8	0.531505
	1.9	0.8	0


	1.1	2.2	0
	1.1	2.2	0
	1.3	2.2	0
	1.3	2.2	0
	1.7	2.2	0
	1.7	2.2	0.0444444
	1.9	2.2	0.0444444
	1.9	2.2	0

	1.1	2.8	0
	1.1	2.8	0
	1.3	2.8	0
	1.3	2.8	0
	1.7	2.8	0
	1.7	2.8	0.0444444
	1.9	2.8	0.0444444
	1.9	2.8	0


	1.1	4.2	0
	1.1	4.2	0
	1.3	4.2	0
	1.3	4.2	0
	1.7	4.2	0
	1.7	4.2	0
	1.9	4.2	0
	1.9	4.2	0

	1.1	4.8	0
	1.1	4.8	0
	1.3	4.8	0
	1.3	4.8	0
	1.7	4.8	0
	1.7	4.8	0
	1.9	4.8	0
	1.9	4.8	0


	1.1	6.2	0
	1.1	6.2	0
	1.3	6.2	0
	1.3	6.2	0
	1.7	6.2	0
	1.7	6.2	2.5
	1.9	6.2	2.5
	1.9	6.2	0

	1.1	6.8	0
	1.1	6.8	0
	1.3	6.8	0
	1.3	6.8	0
	1.7	6.8	0
	1.7	6.8	2.5
	1.9	6.8	2.5
	1.9	6.8	0


	1.1	8.2	0
	1.1	8.2	3.13159
	1.3	8.2	3.13159
	1.3	8.2	0
	1.7	8.2	0
	1.7	8.2	0
	1.9	8.2	0
	1.9	8.2	0

	1.1	8.8	0
	1.1	8.8	3.13159
	1.3	8.8	3.13159
	1.3	8.8	0
	1.7	8.8	0
	1.7	8.8	0
	1.9	8.8	0
	1.9	8.8	0


	1.1	10.2	0
	1.1	10.2	0
	1.3	10.2	0
	1.3	10.2	0
	1.7	10.2	0
	1.7	10.2	0
	1.9	10.2	0
	1.9	10.2	0

	1.1	10.8	0
	1.1	10.8	0
	1.3	10.8	0
	1.3	10.8	0
	1.7	10.8	0
	1.7	10.8	0
	1.9	10.8	0
	1.9	10.8	0


	1.1	12.2	0
	1.1	12.2	0
	1.3	12.2	0
	1.3	12.2	0
	1.7	12.2	0
	1.7	12.2	0
	1.9	12.2	0
	1.9	12.2	0

	1.1	12.8	0
	1.1	12.8	0
	1.3	12.8	0
	1.3	12.8	0
	1.7	12.8	0
	1.7	12.8	0
	1.9	12.8	0
	1.9	12.8	0


	2.1	0.2	0
	2.1	0.2	0
	2.3	0.2	0
	2.3	0.2	0
	2.7	0.2	0
	2.7	0.2	2.09909
	2.9	0.2	2.09909
	2.9	0.2	0

	2.1	0.8	0
	2.1	0.8	0
	2.3	0.8	0
	2.3	0.8	0
	2.7	0.8	0
	2.7	0.8	2.09909
	2.9	0.8	2.09909
	2.9	0.8	0


	2.1	2.2	0
	2.1	2.2	0
	2.3	2.2	0
	2.3	2.2	0
	2.7	2.2	0
	2.7	2.2	0.0480866
	2.9	2.2	0.0480866
	2.9	2.2	0

	2.1	2.8	0
	2.1	2.8	0
	2.3	2.8	0
	2.3	2.8	0
	2.7	2.8	0
	2.7	2.8	0.0480866
	2.9	2.8	0.0480866
	2.9	2.8	0


	2.1	4.2	0
	2.1	4.2	0
	2.3	4.2	0
	2.3	4.2	0
	2.7	4.2	0
	2.7	4.2	0.0298954
	2.9	4.2	0.0298954
	2.9	4.2	0

	2.1	4.8	0
	2.1	4.8	0
	2.3	4.8	0
	2.3	4.8	0
	2.7	4.8	0
	2.7	4.8	0.0298954
	2.9	4.8	0.0298954
	2.9	4.8	0


	2.1	6.2	0
	2.1	6.2	0
	2.3	6.2	0
	2.3	6.2	0
	2.7	6.2	0
	2.7	6.2	1.30173
	2.9	6.2	1.30173
	2.9	6.2	0

	2.1	6.8	0
	2.1	6.8	0
	2.3	6.8	0
	2.3	6.8	0
	2.7	6.8	0
	2.7	6.8	1.30173
	2.9	6.8	1.30173
	2.9	6.8	0


	2.1	8.2	0
	2.1	8.2	10.3618
	2.3	8.2	10.3618
	2.3	8.2	0
	2.7	8.2	0
	2.7	8.2	0
	2.9	8.2	0
	2.9	8.2	0

	2.1	8.8	0
	2.1	8.8	10.3618
	2.3	8.8	10.3618
	2.3	8.8	0
	2.7	8.8	0
	2.7	8.8	0
	2.9	8.8	0
	2.9	8.8	0


	2.1	10.2	0
	2.1	10.2	0
	2.3	10.2	0
	2.3	10.2	0
	2.7	10.2	0
	2.7	10.2	0
	2.9	10.2	0
	2.9	10.2	0

	2.1	10.8	0
	2.1	10.8	0
	2.3	10.8	0
	2.3	10.8	0
	2.7	10.8	0
	2.7	10.8	0
	2.9	10.8	0
	2.9	10.8	0


	2.1	12.2	0
	2.1	12.2	0
	2.3	12.2	0
	2.3	12.2	0
	2.7	12.2	0
	2.7	12.2	0
	2.9	12.2	0
	2.9	12.2	0

	2.1	12.8	0
	2.1	12.8	0
	2.3	12.8	0
	2.3	12.8	0
	2.7	12.8	0
	2.7	12.8	0
	2.9	12.8	0
	2.9	12.8	0


	3.1	0.2	0
	3.1	0.2	0
	3.3	0.2	0
	3.3	0.2	0
	3.7	0.2	0
	3.7	0.2	4.27939
	3.9	0.2	4.27939
	3.9	0.2	0

	3.1	0.8	0
	3.1	0.8	0
	3.3	0.8	0
	3.3	0.8	0
	3.7	0.8	0
	3.7	0.8	4.27939
	3.9	0.8	4.27939
	3.9	0.8	0


	3.1	2.2	0
	3.1	2.2	0
	3.3	2.2	0
	3.3	2.2	0
	3.7	2.2	0
	3.7	2.2	0.552775
	3.9	2.2	0.552775
	3.9	2.2	0

	3.1	2.8	0
	3.1	2.8	0
	3.3	2.8	0
	3.3	2.8	0
	3.7	2.8	0
	3.7	2.8	0.552775
	3.9	2.8	0.552775
	3.9	2.8	0


	3.1	4.2	0
	3.1	4.2	0
	3.3	4.2	0
	3.3	4.2	0
	3.7	4.2	0
	3.7	4.2	0.0784495
	3.9	4.2	0.0784495
	3.9	4.2	0

	3.1	4.8	0
	3.1	4.8	0
	3.3	4.8	0
	3.3	4.8	0
	3.7	4.8	0
	3.7	4.8	0.0784495
	3.9	4.8	0.0784495
	3.9	4.8	0


	3.1	6.2	0
	3.1	6.2	0
	3.3	6.2	0
	3.3	6.2	0
	3.7	6.2	0
	3.7	6.2	0.0306937
	3.9	6.2	0.0306937
	3.9	6.2	0

	3.1	6.8	0
	3.1	6.8	0
	3.3	6.8	0
	3.3	6.8	0
	3.7	6.8	0
	3.7	6.8	0.0306937
	3.9	6.8	0.0306937
	3.9	6.8	0


	3.1	8.2	0
	3.1	8.2	0
	3.3	8.2	0
	3.3	8.2	0
	3.7	8.2	0
	3.7	8.2	0
	3.9	8.2	0
	3.9	8.2	0

	3.1	8.8	0
	3.1	8.8	0
	3.3	8.8	0
	3.3	8.8	0
	3.7	8.8	0
	3.7	8.8	0
	3.9	8.8	0
	3.9	8.8	0


	3.1	10.2	0
	3.1	10.2	0
	3.3	10.2	0
	3.3	10.2	0
	3.7	10.2	0
	3.7	10.2	0
	3.9	10.2	0
	3.9	10.2	0

	3.1	10.8	0
	3.1	10.8	0
	3.3	10.8	0
	3.3	10.8	0
	3.7	10.8	0
	3.7	10.8	0
	3.9	10.8	0
	3.9	10.8	0


	3.1	12.2	0
	3.1	12.2	0
	3.3	12.2	0
	3.3	12.2	0
	3.7	12.2	0
	3.7	12.2	0
	3.9	12.2	0
	3.9	12.2	0

	3.1	12.8	0
	3.1	12.8	0
	3.3	12.8	0
	3.3	12.8	0
	3.7	12.8	0
	3.7	12.8	0
	3.9	12.8	0
	3.9	12.8	0


	4.1	0.2	0
	4.1	0.2	0
	4.3	0.2	0
	4.3	0.2	0
	4.7	0.2	0
	4.7	0.2	6.95077
	4.9	0.2	6.95077
	4.9	0.2	0

	4.1	0.8	0
	4.1	0.8	0
	4.3	0.8	0
	4.3	0.8	0
	4.7	0.8	0
	4.7	0.8	6.95077
	4.9	0.8	6.95077
	4.9	0.8	0


	4.1	2.2	0
	4.1	2.2	0
	4.3	2.2	0
	4.3	2.2	0
	4.7	2.2	0
	4.7	2.2	12.7123
	4.9	2.2	12.7123
	4.9	2.2	0

	4.1	2.8	0
	4.1	2.8	0
	4.3	2.8	0
	4.3	2.8	0
	4.7	2.8	0
	4.7	2.8	12.7123
	4.9	2.8	12.7123
	4.9	2.8	0


	4.1	4.2	0
	4.1	4.2	0.673527
	4.3	4.2	0.673527
	4.3	4.2	0
	4.7	4.2	0
	4.7	4.2	13.1121
	4.9	4.2	13.1121
	4.9	4.2	0

	4.1	4.8	0
	4.1	4.8	0.673527
	4.3	4.8	0.673527
	4.3	4.8	0
	4.7	4.8	0
	4.7	4.8	13.1121
	4.9	4.8	13.1121
	4.9	4.8	0


	4.1	6.2	0
	4.1	6.2	1.96069
	4.3	6.2	1.96069
	4.3	6.2	0
	4.7	6.2	0
	4.7	6.2	13.4273
	4.9	6.2	13.4273
	4.9	6.2	0

	4.1	6.8	0
	4.1	6.8	1.96069
	4.3	6.8	1.96069
	4.3	6.8	0
	4.7	6.8	0
	4.7	6.8	13.4273
	4.9	6.8	13.4273
	4.9	6.8	0


	4.1	8.2	0
	4.1	8.2	10.1332
	4.3	8.2	10.1332
	4.3	8.2	0
	4.7	8.2	0
	4.7	8.2	0
	4.9	8.2	0
	4.9	8.2	0

	4.1	8.8	0
	4.1	8.8	10.1332
	4.3	8.8	10.1332
	4.3	8.8	0
	4.7	8.8	0
	4.7	8.8	0
	4.9	8.8	0
	4.9	8.8	0


	4.1	10.2	0
	4.1	10.2	8.85052
	4.3	10.2	8.85052
	4.3	10.2	0
	4.7	10.2	0
	4.7	10.2	0
	4.9	10.2	0
	4.9	10.2	0

	4.1	10.8	0
	4.1	10.8	8.85052
	4.3	10.8	8.85052
	4.3	10.8	0
	4.7	10.8	0
	4.7	10.8	0
	4.9	10.8	0
	4.9	10.8	0


	4.1	12.2	0
	4.1	12.2	6.86804
	4.3	12.2	6.86804
	4.3	12.2	0
	4.7	12.2	0
	4.7	12.2	0
	4.9	12.2	0
	4.9	12.2	0

	4.1	12.8	0
	4.1	12.8	6.86804
	4.3	12.8	6.86804
	4.3	12.8	0
	4.7	12.8	0
	4.7	12.8	0
	4.9	12.8	0
	4.9	12.8	0


	5.1	0.2	0
	5.1	0.2	0
	5.3	0.2	0
	5.3	0.2	0
	5.7	0.2	0
	5.7	0.2	0
	5.9	0.2	0
	5.9	0.2	0

	5.1	0.8	0
	5.1	0.8	0
	5.3	0.8	0
	5.3	0.8	0
	5.7	0.8	0
	5.7	0.8	0
	5.9	0.8	0
	5.9	0.8	0


	5.1	2.2	0
	5.1	2.2	0
	5.3	2.2	0
	5.3	2.2	0
	5.7	2.2	0
	5.7	2.2	0
	5.9	2.2	0
	5.9	2.2	0

	5.1	2.8	0
	5.1	2.8	0
	5.3	2.8	0
	5.3	2.8	0
	5.7	2.8	0
	5.7	2.8	0
	5.9	2.8	0
	5.9	2.8	0


	5.1	4.2	0
	5.1	4.2	0
	5.3	4.2	0
	5.3	4.2	0
	5.7	4.2	0
	5.7	4.2	0
	5.9	4.2	0
	5.9	4.2	0

	5.1	4.8	0
	5.1	4.8	0
	5.3	4.8	0
	5.3	4.8	0
	5.7	4.8	0
	5.7	4.8	0
	5.9	4.8	0
	5.9	4.8	0


	5.1	6.2	0
	5.1	6.2	0
	5.3	6.2	0
	5.3	6.2	0
	5.7	6.2	0
	5.7	6.2	0
	5.9	6.2	0
	5.9	6.2	0

	5.1	6.8	0
	5.1	6.8	0
	5.3	6.8	0
	5.3	6.8	0
	5.7	6.8	0
	5.7	6.8	0
	5.9	6.8	0
	5.9	6.8	0


	5.1	8.2	0
	5.1	8.2	0
	5.3	8.2	0
	5.3	8.2	0
	5.7	8.2	0
	5.7	8.2	0
	5.9	8.2	0
	5.9	8.2	0

	5.1	8.8	0
	5.1	8.8	0
	5.3	8.8	0
	5.3	8.8	0
	5.7	8.8	0
	5.7	8.8	0
	5.9	8.8	0
	5.9	8.8	0


	5.1	10.2	0
	5.1	10.2	0
	5.3	10.2	0
	5.3	10.2	0
	5.7	10.2	0
	5.7	10.2	0
	5.9	10.2	0
	5.9	10.2	0

	5.1	10.8	0
	5.1	10.8	0
	5.3	10.8	0
	5.3	10.8	0
	5.7	10.8	0
	5.7	10.8	0
	5.9	10.8	0
	5.9	10.8	0


	5.1	12.2	0
	5.1	12.2	0
	5.3	12.2	0
	5.3	12.2	0
	5.7	12.2	0
	5.7	12.2	0
	5.9	12.2	0
	5.9	12.2	0

	5.1	12.8	0
	5.1	12.8	0
	5.3	12.8	0
	5.3	12.8	0
	5.7	12.8	0
	5.7	12.8	0
	5.9	12.8	0
	5.9	12.8	0


	6.1	0.2	0
	6.1	0.2	0
	6.3	0.2	0
	6.3	0.2	0
	6.7	0.2	0
	6.7	0.2	0
	6.9	0.2	0
	6.9	0.2	0

	6.1	0.8	0
	6.1	0.8	0
	6.3	0.8	0
	6.3	0.8	0
	6.7	0.8	0
	6.7	0.8	0
	6.9	0.8	0
	6.9	0.8	0


	6.1	2.2	0
	6.1	2.2	0
	6.3	2.2	0
	6.3	2.2	0
	6.7	2.2	0
	6.7	2.2	0
	6.9	2.2	0
	6.9	2.2	0

	6.1	2.8	0
	6.1	2.8	0
	6.3	2.8	0
	6.3	2.8	0
	6.7	2.8	0
	6.7	2.8	0
	6.9	2.8	0
	6.9	2.8	0


	6.1	4.2	0
	6.1	4.2	0
	6.3	4.2	0
	6.3	4.2	0
	6.7	4.2	0
	6.7	4.2	0
	6.9	4.2	0
	6.9	4.2	0

	6.1	4.8	0
	6.1	4.8	0
	6.3	4.8	0
	6.3	4.8	0
	6.7	4.8	0
	6.7	4.8	0
	6.9	4.8	0
	6.9	4.8	0


	6.1	6.2	0
	6.1	6.2	0.389016
	6.3	6.2	0.389016
	6.3	6.2	0
	6.7	6.2	0
	6.7	6.2	0
	6.9	6.2	0
	6.9	6.2	0

	6.1	6.8	0
	6.1	6.8	0.389016
	6.3	6.8	0.389016
	6.3	6.8	0
	6.7	6.8	0
	6.7	6.8	0
	6.9	6.8	0
	6.9	6.8	0


	6.1	8.2	0
	6.1	8.2	0.964351
	6.3	8.2	0.964351
	6.3	8.2	0
	6.7	8.2	0
	6.7	8.2	0
	6.9	8.2	0
	6.9	8.2	0

	6.1	8.8	0
	6.1	8.8	0.964351
	6.3	8.8	0.964351
	6.3	8.8	0
	6.7	8.8	0
	6.7	8.8	0
	6.9	8.8	0
	6.9	8.8	0


	6.1	10.2	0
	6.1	10.2	2.10361
	6.3	10.2	2.10361
	6.3	10.2	0
	6.7	10.2	0
	6.7	10.2	0
	6.9	10.2	0
	6.9	10.2	0

	6.1	10.8	0
	6.1	10.8	2.10361
	6.3	10.8	2.10361
	6.3	10.8	0
	6.7	10.8	0
	6.7	10.8	0
	6.9	10.8	0
	6.9	10.8	0


	6.1	12.2	0
	6.1	12.2	4.252
	6.3	12.2	4.252
	6.3	12.2	0
	6.7	12.2	0
	6.7	12.2	0
	6.9	12.2	0
	6.9	12.2	0

	6.1	12.8	0
	6.1	12.8	4.252
	6.3	12.8	4.252
	6.3	12.8	0
	6.7	12.8	0
	6.7	12.8	0
	6.9	12.8	0
	6.9	12.8	0


	7.1	0.2	0
	7.1	0.2	0
	7.3	0.2	0
	7.3	0.2	0
	7.7	0.2	0
	7.7	0.2	0
	7.9	0.2	0
	7.9	0.2	0

	7.1	0.8	0
	7.1	0.8	0
	7.3	0.8	0
	7.3	0.8	0
	7.7	0.8	0
	7.7	0.8	0
	7.9	0.8	0
	7.9	0.8	0


	7.1	2.2	0
	7.1	2.2	0
	7.3	2.2	0
	7.3	2.2	0
	7.7	2.2	0
	7.7	2.2	0
	7.9	2.2	0
	7.9	2.2	0

	7.1	2.8	0
	7.1	2.8	0
	7.3	2.8	0
	7.3	2.8	0
	7.7	2.8	0
	7.7	2.8	0
	7.9	2.8	0
	7.9	2.8	0


	7.1	4.2	0
	7.1	4.2	0
	7.3	4.2	0
	7.3	4.2	0
	7.7	4.2	0
	7.7	4.2	0
	7.9	4.2	0
	7.9	4.2	0

	7.1	4.8	0
	7.1	4.8	0
	7.3	4.8	0
	7.3	4.8	0
	7.7	4.8	0
	7.7	4.8	0
	7.9	4.8	0
	7.9	4.8	0


	7.1	6.2	0
	7.1	6.2	0
	7.3	6.2	0
	7.3	6.2	0
	7.7	6.2	0
	7.7	6.2	0
	7.9	6.2	0
	7.9	6.2	0

	7.1	6.8	0
	7.1	6.8	0
	7.3	6.8	0
	7.3	6.8	0
	7.7	6.8	0
	7.7	6.8	0
	7.9	6.8	0
	7.9	6.8	0


	7.1	8.2	0
	7.1	8.2	0
	7.3	8.2	0
	7.3	8.2	0
	7.7	8.2	0
	7.7	8.2	0
	7.9	8.2	0
	7.9	8.2	0

	7.1	8.8	0
	7.1	8.8	0
	7.3	8.8	0
	7.3	8.8	0
	7.7	8.8	0
	7.7	8.8	0
	7.9	8.8	0
	7.9	8.8	0


	7.1	10.2	0
	7.1	10.2	0
	7.3	10.2	0
	7.3	10.2	0
	7.7	10.2	0
	7.7	10.2	0
	7.9	10.2	0
	7.9	10.2	0

	7.1	10.8	0
	7.1	10.8	0
	7.3	10.8	0
	7.3	10.8	0
	7.7	10.8	0
	7.7	10.8	0
	7.9	10.8	0
	7.9	10.8	0


	7.1	12.2	0
	7.1	12.2	0
	7.3	12.2	0
	7.3	12.2	0
	7.7	12.2	0
	7.7	12.2	0
	7.9	12.2	0
	7.9	12.2	0

	7.1	12.8	0
	7.1	12.8	0
	7.3	12.8	0
	7.3	12.8	0
	7.7	12.8	0
	7.7	12.8	0
	7.9	12.8	0
	7.9	12.8	0


