Tile ID						Power estimation

0						0.00215294
1						0.00186113
2						0.00996791
3						0.00805899
4						0.005345
5						0
6						0
7						0
8						0.00049145
9						0.0013032
10						0.00276015
11						0.00518135
12						0.00977403
13						0
14						0
15						0
16						0
17						2.9813e-05
18						0.00028429
19						0.0011642
20						0.0104885
21						0
22						0
23						0
24						0
25						3.24055e-06
26						0.00849959
27						0.00854362
28						0.0186845
29						0.0080563
30						0.00010629
31						0
32						0.00272239
33						0.00540916
34						0.0154623
35						0.000421657
36						0.0145286
37						0.00159451
38						0.000590305
39						0
40						0.0151082
41						0.0123699
42						0.00970226
43						0
44						0.00467632
45						0.000711083
46						0.000861475
47						0
48						0
49						0
50						0
51						0
52						0.00346594
53						0.00084389
54						0.0014175
55						0
56						0
57						0
58						0
59						0
60						0.00244452
61						0.00242041
62						0.00383267
63						0


Total Netwok Power(In Watt):0.20134