	0.2	0.1	0
	0.2	0.1	23.6015
	0.2	0.3	23.6015
	0.2	0.3	0
	0.2	0.7	0
	0.2	0.7	0
	0.2	0.9	0
	0.2	0.9	0

	0.8	0.1	0
	0.8	0.1	23.6015
	0.8	0.3	23.6015
	0.8	0.3	0
	0.8	0.7	0
	0.8	0.7	0
	0.8	0.9	0
	0.8	0.9	0


	1.2	0.1	0
	1.2	0.1	32.8658
	1.2	0.3	32.8658
	1.2	0.3	0
	1.2	0.7	0
	1.2	0.7	0
	1.2	0.9	0
	1.2	0.9	0

	1.8	0.1	0
	1.8	0.1	32.8658
	1.8	0.3	32.8658
	1.8	0.3	0
	1.8	0.7	0
	1.8	0.7	0
	1.8	0.9	0
	1.8	0.9	0


	2.2	0.1	0
	2.2	0.1	41.8082
	2.2	0.3	41.8082
	2.2	0.3	0
	2.2	0.7	0
	2.2	0.7	0
	2.2	0.9	0
	2.2	0.9	0

	2.8	0.1	0
	2.8	0.1	41.8082
	2.8	0.3	41.8082
	2.8	0.3	0
	2.8	0.7	0
	2.8	0.7	0
	2.8	0.9	0
	2.8	0.9	0


	3.2	0.1	0
	3.2	0.1	21.2802
	3.2	0.3	21.2802
	3.2	0.3	0
	3.2	0.7	0
	3.2	0.7	0
	3.2	0.9	0
	3.2	0.9	0

	3.8	0.1	0
	3.8	0.1	21.2802
	3.8	0.3	21.2802
	3.8	0.3	0
	3.8	0.7	0
	3.8	0.7	0
	3.8	0.9	0
	3.8	0.9	0


	4.2	0.1	0
	4.2	0.1	0
	4.2	0.3	0
	4.2	0.3	0
	4.2	0.7	0
	4.2	0.7	0
	4.2	0.9	0
	4.2	0.9	0

	4.8	0.1	0
	4.8	0.1	0
	4.8	0.3	0
	4.8	0.3	0
	4.8	0.7	0
	4.8	0.7	0
	4.8	0.9	0
	4.8	0.9	0


	5.2	0.1	0
	5.2	0.1	0
	5.2	0.3	0
	5.2	0.3	0
	5.2	0.7	0
	5.2	0.7	0
	5.2	0.9	0
	5.2	0.9	0

	5.8	0.1	0
	5.8	0.1	0
	5.8	0.3	0
	5.8	0.3	0
	5.8	0.7	0
	5.8	0.7	0
	5.8	0.9	0
	5.8	0.9	0


	6.2	0.1	0
	6.2	0.1	0
	6.2	0.3	0
	6.2	0.3	0
	6.2	0.7	0
	6.2	0.7	0
	6.2	0.9	0
	6.2	0.9	0

	6.8	0.1	0
	6.8	0.1	0
	6.8	0.3	0
	6.8	0.3	0
	6.8	0.7	0
	6.8	0.7	0
	6.8	0.9	0
	6.8	0.9	0


	0.2	2.1	0
	0.2	2.1	15
	0.2	2.3	15
	0.2	2.3	0
	0.2	2.7	0
	0.2	2.7	0
	0.2	2.9	0
	0.2	2.9	0

	0.8	2.1	0
	0.8	2.1	15
	0.8	2.3	15
	0.8	2.3	0
	0.8	2.7	0
	0.8	2.7	0
	0.8	2.9	0
	0.8	2.9	0


	1.2	2.1	0
	1.2	2.1	24.3261
	1.2	2.3	24.3261
	1.2	2.3	0
	1.2	2.7	0
	1.2	2.7	0
	1.2	2.9	0
	1.2	2.9	0

	1.8	2.1	0
	1.8	2.1	24.3261
	1.8	2.3	24.3261
	1.8	2.3	0
	1.8	2.7	0
	1.8	2.7	0
	1.8	2.9	0
	1.8	2.9	0


	2.2	2.1	0
	2.2	2.1	23.1333
	2.2	2.3	23.1333
	2.2	2.3	0
	2.2	2.7	0
	2.2	2.7	0
	2.2	2.9	0
	2.2	2.9	0

	2.8	2.1	0
	2.8	2.1	23.1333
	2.8	2.3	23.1333
	2.8	2.3	0
	2.8	2.7	0
	2.8	2.7	0
	2.8	2.9	0
	2.8	2.9	0


	3.2	2.1	0
	3.2	2.1	74.3902
	3.2	2.3	74.3902
	3.2	2.3	0
	3.2	2.7	0
	3.2	2.7	0
	3.2	2.9	0
	3.2	2.9	0

	3.8	2.1	0
	3.8	2.1	74.3902
	3.8	2.3	74.3902
	3.8	2.3	0
	3.8	2.7	0
	3.8	2.7	0
	3.8	2.9	0
	3.8	2.9	0


	4.2	2.1	0
	4.2	2.1	0
	4.2	2.3	0
	4.2	2.3	0
	4.2	2.7	0
	4.2	2.7	0
	4.2	2.9	0
	4.2	2.9	0

	4.8	2.1	0
	4.8	2.1	0
	4.8	2.3	0
	4.8	2.3	0
	4.8	2.7	0
	4.8	2.7	0
	4.8	2.9	0
	4.8	2.9	0


	5.2	2.1	0
	5.2	2.1	0
	5.2	2.3	0
	5.2	2.3	0
	5.2	2.7	0
	5.2	2.7	0
	5.2	2.9	0
	5.2	2.9	0

	5.8	2.1	0
	5.8	2.1	0
	5.8	2.3	0
	5.8	2.3	0
	5.8	2.7	0
	5.8	2.7	0
	5.8	2.9	0
	5.8	2.9	0


	6.2	2.1	0
	6.2	2.1	0
	6.2	2.3	0
	6.2	2.3	0
	6.2	2.7	0
	6.2	2.7	0
	6.2	2.9	0
	6.2	2.9	0

	6.8	2.1	0
	6.8	2.1	0
	6.8	2.3	0
	6.8	2.3	0
	6.8	2.7	0
	6.8	2.7	0
	6.8	2.9	0
	6.8	2.9	0


	0.2	4.1	0
	0.2	4.1	0
	0.2	4.3	0
	0.2	4.3	0
	0.2	4.7	0
	0.2	4.7	0
	0.2	4.9	0
	0.2	4.9	0

	0.8	4.1	0
	0.8	4.1	0
	0.8	4.3	0
	0.8	4.3	0
	0.8	4.7	0
	0.8	4.7	0
	0.8	4.9	0
	0.8	4.9	0


	1.2	4.1	0
	1.2	4.1	16
	1.2	4.3	16
	1.2	4.3	0
	1.2	4.7	0
	1.2	4.7	0
	1.2	4.9	0
	1.2	4.9	0

	1.8	4.1	0
	1.8	4.1	16
	1.8	4.3	16
	1.8	4.3	0
	1.8	4.7	0
	1.8	4.7	0
	1.8	4.9	0
	1.8	4.9	0


	2.2	4.1	0
	2.2	4.1	14.1
	2.2	4.3	14.1
	2.2	4.3	0
	2.2	4.7	0
	2.2	4.7	0
	2.2	4.9	0
	2.2	4.9	0

	2.8	4.1	0
	2.8	4.1	14.1
	2.8	4.3	14.1
	2.8	4.3	0
	2.8	4.7	0
	2.8	4.7	0
	2.8	4.9	0
	2.8	4.9	0


	3.2	4.1	0
	3.2	4.1	14.8947
	3.2	4.3	14.8947
	3.2	4.3	0
	3.2	4.7	0
	3.2	4.7	0
	3.2	4.9	0
	3.2	4.9	0

	3.8	4.1	0
	3.8	4.1	14.8947
	3.8	4.3	14.8947
	3.8	4.3	0
	3.8	4.7	0
	3.8	4.7	0
	3.8	4.9	0
	3.8	4.9	0


	4.2	4.1	0
	4.2	4.1	0
	4.2	4.3	0
	4.2	4.3	0
	4.2	4.7	0
	4.2	4.7	0
	4.2	4.9	0
	4.2	4.9	0

	4.8	4.1	0
	4.8	4.1	0
	4.8	4.3	0
	4.8	4.3	0
	4.8	4.7	0
	4.8	4.7	0
	4.8	4.9	0
	4.8	4.9	0


	5.2	4.1	0
	5.2	4.1	0
	5.2	4.3	0
	5.2	4.3	0
	5.2	4.7	0
	5.2	4.7	0
	5.2	4.9	0
	5.2	4.9	0

	5.8	4.1	0
	5.8	4.1	0
	5.8	4.3	0
	5.8	4.3	0
	5.8	4.7	0
	5.8	4.7	0
	5.8	4.9	0
	5.8	4.9	0


	6.2	4.1	0
	6.2	4.1	0
	6.2	4.3	0
	6.2	4.3	0
	6.2	4.7	0
	6.2	4.7	0
	6.2	4.9	0
	6.2	4.9	0

	6.8	4.1	0
	6.8	4.1	0
	6.8	4.3	0
	6.8	4.3	0
	6.8	4.7	0
	6.8	4.7	0
	6.8	4.9	0
	6.8	4.9	0


	0.2	6.1	0
	0.2	6.1	0
	0.2	6.3	0
	0.2	6.3	0
	0.2	6.7	0
	0.2	6.7	0
	0.2	6.9	0
	0.2	6.9	0

	0.8	6.1	0
	0.8	6.1	0
	0.8	6.3	0
	0.8	6.3	0
	0.8	6.7	0
	0.8	6.7	0
	0.8	6.9	0
	0.8	6.9	0


	1.2	6.1	0
	1.2	6.1	0
	1.2	6.3	0
	1.2	6.3	0
	1.2	6.7	0
	1.2	6.7	0
	1.2	6.9	0
	1.2	6.9	0

	1.8	6.1	0
	1.8	6.1	0
	1.8	6.3	0
	1.8	6.3	0
	1.8	6.7	0
	1.8	6.7	0
	1.8	6.9	0
	1.8	6.9	0


	2.2	6.1	0
	2.2	6.1	21.9089
	2.2	6.3	21.9089
	2.2	6.3	0
	2.2	6.7	0
	2.2	6.7	14.8362
	2.2	6.9	14.8362
	2.2	6.9	0

	2.8	6.1	0
	2.8	6.1	21.9089
	2.8	6.3	21.9089
	2.8	6.3	0
	2.8	6.7	0
	2.8	6.7	14.8362
	2.8	6.9	14.8362
	2.8	6.9	0


	3.2	6.1	0
	3.2	6.1	33.6692
	3.2	6.3	33.6692
	3.2	6.3	0
	3.2	6.7	0
	3.2	6.7	15.265
	3.2	6.9	15.265
	3.2	6.9	0

	3.8	6.1	0
	3.8	6.1	33.6692
	3.8	6.3	33.6692
	3.8	6.3	0
	3.8	6.7	0
	3.8	6.7	15.265
	3.8	6.9	15.265
	3.8	6.9	0


	4.2	6.1	0
	4.2	6.1	30.0769
	4.2	6.3	30.0769
	4.2	6.3	0
	4.2	6.7	0
	4.2	6.7	14.4595
	4.2	6.9	14.4595
	4.2	6.9	0

	4.8	6.1	0
	4.8	6.1	30.0769
	4.8	6.3	30.0769
	4.8	6.3	0
	4.8	6.7	0
	4.8	6.7	14.4595
	4.8	6.9	14.4595
	4.8	6.9	0


	5.2	6.1	0
	5.2	6.1	0
	5.2	6.3	0
	5.2	6.3	0
	5.2	6.7	0
	5.2	6.7	15.7568
	5.2	6.9	15.7568
	5.2	6.9	0

	5.8	6.1	0
	5.8	6.1	0
	5.8	6.3	0
	5.8	6.3	0
	5.8	6.7	0
	5.8	6.7	15.7568
	5.8	6.9	15.7568
	5.8	6.9	0


	6.2	6.1	0
	6.2	6.1	0
	6.2	6.3	0
	6.2	6.3	0
	6.2	6.7	0
	6.2	6.7	0
	6.2	6.9	0
	6.2	6.9	0

	6.8	6.1	0
	6.8	6.1	0
	6.8	6.3	0
	6.8	6.3	0
	6.8	6.7	0
	6.8	6.7	0
	6.8	6.9	0
	6.8	6.9	0


	0.2	8.1	0
	0.2	8.1	102.929
	0.2	8.3	102.929
	0.2	8.3	0
	0.2	8.7	0
	0.2	8.7	0
	0.2	8.9	0
	0.2	8.9	0

	0.8	8.1	0
	0.8	8.1	102.929
	0.8	8.3	102.929
	0.8	8.3	0
	0.8	8.7	0
	0.8	8.7	0
	0.8	8.9	0
	0.8	8.9	0


	1.2	8.1	0
	1.2	8.1	171.389
	1.2	8.3	171.389
	1.2	8.3	0
	1.2	8.7	0
	1.2	8.7	0
	1.2	8.9	0
	1.2	8.9	0

	1.8	8.1	0
	1.8	8.1	171.389
	1.8	8.3	171.389
	1.8	8.3	0
	1.8	8.7	0
	1.8	8.7	0
	1.8	8.9	0
	1.8	8.9	0


	2.2	8.1	0
	2.2	8.1	235.5
	2.2	8.3	235.5
	2.2	8.3	0
	2.2	8.7	0
	2.2	8.7	23.1284
	2.2	8.9	23.1284
	2.2	8.9	0

	2.8	8.1	0
	2.8	8.1	235.5
	2.8	8.3	235.5
	2.8	8.3	0
	2.8	8.7	0
	2.8	8.7	23.1284
	2.8	8.9	23.1284
	2.8	8.9	0


	3.2	8.1	0
	3.2	8.1	15.4286
	3.2	8.3	15.4286
	3.2	8.3	0
	3.2	8.7	0
	3.2	8.7	31.5859
	3.2	8.9	31.5859
	3.2	8.9	0

	3.8	8.1	0
	3.8	8.1	15.4286
	3.8	8.3	15.4286
	3.8	8.3	0
	3.8	8.7	0
	3.8	8.7	31.5859
	3.8	8.9	31.5859
	3.8	8.9	0


	4.2	8.1	0
	4.2	8.1	0
	4.2	8.3	0
	4.2	8.3	0
	4.2	8.7	0
	4.2	8.7	39.7003
	4.2	8.9	39.7003
	4.2	8.9	0

	4.8	8.1	0
	4.8	8.1	0
	4.8	8.3	0
	4.8	8.3	0
	4.8	8.7	0
	4.8	8.7	39.7003
	4.8	8.9	39.7003
	4.8	8.9	0


	5.2	8.1	0
	5.2	8.1	0
	5.2	8.3	0
	5.2	8.3	0
	5.2	8.7	0
	5.2	8.7	13.6389
	5.2	8.9	13.6389
	5.2	8.9	0

	5.8	8.1	0
	5.8	8.1	0
	5.8	8.3	0
	5.8	8.3	0
	5.8	8.7	0
	5.8	8.7	13.6389
	5.8	8.9	13.6389
	5.8	8.9	0


	6.2	8.1	0
	6.2	8.1	0
	6.2	8.3	0
	6.2	8.3	0
	6.2	8.7	0
	6.2	8.7	0
	6.2	8.9	0
	6.2	8.9	0

	6.8	8.1	0
	6.8	8.1	0
	6.8	8.3	0
	6.8	8.3	0
	6.8	8.7	0
	6.8	8.7	0
	6.8	8.9	0
	6.8	8.9	0


	0.2	10.1	0
	0.2	10.1	37.0464
	0.2	10.3	37.0464
	0.2	10.3	0
	0.2	10.7	0
	0.2	10.7	0
	0.2	10.9	0
	0.2	10.9	0

	0.8	10.1	0
	0.8	10.1	37.0464
	0.8	10.3	37.0464
	0.8	10.3	0
	0.8	10.7	0
	0.8	10.7	0
	0.8	10.9	0
	0.8	10.9	0


	1.2	10.1	0
	1.2	10.1	14.3871
	1.2	10.3	14.3871
	1.2	10.3	0
	1.2	10.7	0
	1.2	10.7	0
	1.2	10.9	0
	1.2	10.9	0

	1.8	10.1	0
	1.8	10.1	14.3871
	1.8	10.3	14.3871
	1.8	10.3	0
	1.8	10.7	0
	1.8	10.7	0
	1.8	10.9	0
	1.8	10.9	0


	2.2	10.1	0
	2.2	10.1	0
	2.2	10.3	0
	2.2	10.3	0
	2.2	10.7	0
	2.2	10.7	0
	2.2	10.9	0
	2.2	10.9	0

	2.8	10.1	0
	2.8	10.1	0
	2.8	10.3	0
	2.8	10.3	0
	2.8	10.7	0
	2.8	10.7	0
	2.8	10.9	0
	2.8	10.9	0


	3.2	10.1	0
	3.2	10.1	0
	3.2	10.3	0
	3.2	10.3	0
	3.2	10.7	0
	3.2	10.7	0
	3.2	10.9	0
	3.2	10.9	0

	3.8	10.1	0
	3.8	10.1	0
	3.8	10.3	0
	3.8	10.3	0
	3.8	10.7	0
	3.8	10.7	0
	3.8	10.9	0
	3.8	10.9	0


	4.2	10.1	0
	4.2	10.1	0
	4.2	10.3	0
	4.2	10.3	0
	4.2	10.7	0
	4.2	10.7	16.0571
	4.2	10.9	16.0571
	4.2	10.9	0

	4.8	10.1	0
	4.8	10.1	0
	4.8	10.3	0
	4.8	10.3	0
	4.8	10.7	0
	4.8	10.7	16.0571
	4.8	10.9	16.0571
	4.8	10.9	0


	5.2	10.1	0
	5.2	10.1	0
	5.2	10.3	0
	5.2	10.3	0
	5.2	10.7	0
	5.2	10.7	14.6333
	5.2	10.9	14.6333
	5.2	10.9	0

	5.8	10.1	0
	5.8	10.1	0
	5.8	10.3	0
	5.8	10.3	0
	5.8	10.7	0
	5.8	10.7	14.6333
	5.8	10.9	14.6333
	5.8	10.9	0


	6.2	10.1	0
	6.2	10.1	0
	6.2	10.3	0
	6.2	10.3	0
	6.2	10.7	0
	6.2	10.7	0
	6.2	10.9	0
	6.2	10.9	0

	6.8	10.1	0
	6.8	10.1	0
	6.8	10.3	0
	6.8	10.3	0
	6.8	10.7	0
	6.8	10.7	0
	6.8	10.9	0
	6.8	10.9	0


	0.2	12.1	0
	0.2	12.1	0
	0.2	12.3	0
	0.2	12.3	0
	0.2	12.7	0
	0.2	12.7	0
	0.2	12.9	0
	0.2	12.9	0

	0.8	12.1	0
	0.8	12.1	0
	0.8	12.3	0
	0.8	12.3	0
	0.8	12.7	0
	0.8	12.7	0
	0.8	12.9	0
	0.8	12.9	0


	1.2	12.1	0
	1.2	12.1	0
	1.2	12.3	0
	1.2	12.3	0
	1.2	12.7	0
	1.2	12.7	0
	1.2	12.9	0
	1.2	12.9	0

	1.8	12.1	0
	1.8	12.1	0
	1.8	12.3	0
	1.8	12.3	0
	1.8	12.7	0
	1.8	12.7	0
	1.8	12.9	0
	1.8	12.9	0


	2.2	12.1	0
	2.2	12.1	0
	2.2	12.3	0
	2.2	12.3	0
	2.2	12.7	0
	2.2	12.7	0
	2.2	12.9	0
	2.2	12.9	0

	2.8	12.1	0
	2.8	12.1	0
	2.8	12.3	0
	2.8	12.3	0
	2.8	12.7	0
	2.8	12.7	0
	2.8	12.9	0
	2.8	12.9	0


	3.2	12.1	0
	3.2	12.1	0
	3.2	12.3	0
	3.2	12.3	0
	3.2	12.7	0
	3.2	12.7	0
	3.2	12.9	0
	3.2	12.9	0

	3.8	12.1	0
	3.8	12.1	0
	3.8	12.3	0
	3.8	12.3	0
	3.8	12.7	0
	3.8	12.7	0
	3.8	12.9	0
	3.8	12.9	0


	4.2	12.1	0
	4.2	12.1	0
	4.2	12.3	0
	4.2	12.3	0
	4.2	12.7	0
	4.2	12.7	19.2121
	4.2	12.9	19.2121
	4.2	12.9	0

	4.8	12.1	0
	4.8	12.1	0
	4.8	12.3	0
	4.8	12.3	0
	4.8	12.7	0
	4.8	12.7	19.2121
	4.8	12.9	19.2121
	4.8	12.9	0


	5.2	12.1	0
	5.2	12.1	0
	5.2	12.3	0
	5.2	12.3	0
	5.2	12.7	0
	5.2	12.7	14.6966
	5.2	12.9	14.6966
	5.2	12.9	0

	5.8	12.1	0
	5.8	12.1	0
	5.8	12.3	0
	5.8	12.3	0
	5.8	12.7	0
	5.8	12.7	14.6966
	5.8	12.9	14.6966
	5.8	12.9	0


	6.2	12.1	0
	6.2	12.1	0
	6.2	12.3	0
	6.2	12.3	0
	6.2	12.7	0
	6.2	12.7	0
	6.2	12.9	0
	6.2	12.9	0

	6.8	12.1	0
	6.8	12.1	0
	6.8	12.3	0
	6.8	12.3	0
	6.8	12.7	0
	6.8	12.7	0
	6.8	12.9	0
	6.8	12.9	0


	0.2	14.1	0
	0.2	14.1	0
	0.2	14.3	0
	0.2	14.3	0
	0.2	14.7	0
	0.2	14.7	0
	0.2	14.9	0
	0.2	14.9	0

	0.8	14.1	0
	0.8	14.1	0
	0.8	14.3	0
	0.8	14.3	0
	0.8	14.7	0
	0.8	14.7	0
	0.8	14.9	0
	0.8	14.9	0


	1.2	14.1	0
	1.2	14.1	0
	1.2	14.3	0
	1.2	14.3	0
	1.2	14.7	0
	1.2	14.7	0
	1.2	14.9	0
	1.2	14.9	0

	1.8	14.1	0
	1.8	14.1	0
	1.8	14.3	0
	1.8	14.3	0
	1.8	14.7	0
	1.8	14.7	0
	1.8	14.9	0
	1.8	14.9	0


	2.2	14.1	0
	2.2	14.1	0
	2.2	14.3	0
	2.2	14.3	0
	2.2	14.7	0
	2.2	14.7	0
	2.2	14.9	0
	2.2	14.9	0

	2.8	14.1	0
	2.8	14.1	0
	2.8	14.3	0
	2.8	14.3	0
	2.8	14.7	0
	2.8	14.7	0
	2.8	14.9	0
	2.8	14.9	0


	3.2	14.1	0
	3.2	14.1	0
	3.2	14.3	0
	3.2	14.3	0
	3.2	14.7	0
	3.2	14.7	0
	3.2	14.9	0
	3.2	14.9	0

	3.8	14.1	0
	3.8	14.1	0
	3.8	14.3	0
	3.8	14.3	0
	3.8	14.7	0
	3.8	14.7	0
	3.8	14.9	0
	3.8	14.9	0


	4.2	14.1	0
	4.2	14.1	0
	4.2	14.3	0
	4.2	14.3	0
	4.2	14.7	0
	4.2	14.7	14.3837
	4.2	14.9	14.3837
	4.2	14.9	0

	4.8	14.1	0
	4.8	14.1	0
	4.8	14.3	0
	4.8	14.3	0
	4.8	14.7	0
	4.8	14.7	14.3837
	4.8	14.9	14.3837
	4.8	14.9	0


	5.2	14.1	0
	5.2	14.1	0
	5.2	14.3	0
	5.2	14.3	0
	5.2	14.7	0
	5.2	14.7	6.30534
	5.2	14.9	6.30534
	5.2	14.9	0

	5.8	14.1	0
	5.8	14.1	0
	5.8	14.3	0
	5.8	14.3	0
	5.8	14.7	0
	5.8	14.7	6.30534
	5.8	14.9	6.30534
	5.8	14.9	0


	6.2	14.1	0
	6.2	14.1	0
	6.2	14.3	0
	6.2	14.3	0
	6.2	14.7	0
	6.2	14.7	0
	6.2	14.9	0
	6.2	14.9	0

	6.8	14.1	0
	6.8	14.1	0
	6.8	14.3	0
	6.8	14.3	0
	6.8	14.7	0
	6.8	14.7	0
	6.8	14.9	0
	6.8	14.9	0


