	0.2	0.1	0
	0.2	0.1	15.6539
	0.2	0.3	15.6539
	0.2	0.3	0
	0.2	0.7	0
	0.2	0.7	0
	0.2	0.9	0
	0.2	0.9	0

	0.8	0.1	0
	0.8	0.1	15.6539
	0.8	0.3	15.6539
	0.8	0.3	0
	0.8	0.7	0
	0.8	0.7	0
	0.8	0.9	0
	0.8	0.9	0


	1.2	0.1	0
	1.2	0.1	12.0648
	1.2	0.3	12.0648
	1.2	0.3	0
	1.2	0.7	0
	1.2	0.7	0
	1.2	0.9	0
	1.2	0.9	0

	1.8	0.1	0
	1.8	0.1	12.0648
	1.8	0.3	12.0648
	1.8	0.3	0
	1.8	0.7	0
	1.8	0.7	0
	1.8	0.9	0
	1.8	0.9	0


	2.2	0.1	0
	2.2	0.1	14.7326
	2.2	0.3	14.7326
	2.2	0.3	0
	2.2	0.7	0
	2.2	0.7	0
	2.2	0.9	0
	2.2	0.9	0

	2.8	0.1	0
	2.8	0.1	14.7326
	2.8	0.3	14.7326
	2.8	0.3	0
	2.8	0.7	0
	2.8	0.7	0
	2.8	0.9	0
	2.8	0.9	0


	3.2	0.1	0
	3.2	0.1	7.36842
	3.2	0.3	7.36842
	3.2	0.3	0
	3.2	0.7	0
	3.2	0.7	0
	3.2	0.9	0
	3.2	0.9	0

	3.8	0.1	0
	3.8	0.1	7.36842
	3.8	0.3	7.36842
	3.8	0.3	0
	3.8	0.7	0
	3.8	0.7	0
	3.8	0.9	0
	3.8	0.9	0


	4.2	0.1	0
	4.2	0.1	0
	4.2	0.3	0
	4.2	0.3	0
	4.2	0.7	0
	4.2	0.7	0
	4.2	0.9	0
	4.2	0.9	0

	4.8	0.1	0
	4.8	0.1	0
	4.8	0.3	0
	4.8	0.3	0
	4.8	0.7	0
	4.8	0.7	0
	4.8	0.9	0
	4.8	0.9	0


	5.2	0.1	0
	5.2	0.1	0
	5.2	0.3	0
	5.2	0.3	0
	5.2	0.7	0
	5.2	0.7	0
	5.2	0.9	0
	5.2	0.9	0

	5.8	0.1	0
	5.8	0.1	0
	5.8	0.3	0
	5.8	0.3	0
	5.8	0.7	0
	5.8	0.7	0
	5.8	0.9	0
	5.8	0.9	0


	6.2	0.1	0
	6.2	0.1	0
	6.2	0.3	0
	6.2	0.3	0
	6.2	0.7	0
	6.2	0.7	0
	6.2	0.9	0
	6.2	0.9	0

	6.8	0.1	0
	6.8	0.1	0
	6.8	0.3	0
	6.8	0.3	0
	6.8	0.7	0
	6.8	0.7	0
	6.8	0.9	0
	6.8	0.9	0


	0.2	2.1	0
	0.2	2.1	3.13539
	0.2	2.3	3.13539
	0.2	2.3	0
	0.2	2.7	0
	0.2	2.7	0
	0.2	2.9	0
	0.2	2.9	0

	0.8	2.1	0
	0.8	2.1	3.13539
	0.8	2.3	3.13539
	0.8	2.3	0
	0.8	2.7	0
	0.8	2.7	0
	0.8	2.9	0
	0.8	2.9	0


	1.2	2.1	0
	1.2	2.1	5.0411
	1.2	2.3	5.0411
	1.2	2.3	0
	1.2	2.7	0
	1.2	2.7	0
	1.2	2.9	0
	1.2	2.9	0

	1.8	2.1	0
	1.8	2.1	5.0411
	1.8	2.3	5.0411
	1.8	2.3	0
	1.8	2.7	0
	1.8	2.7	0
	1.8	2.9	0
	1.8	2.9	0


	2.2	2.1	0
	2.2	2.1	8.39161
	2.2	2.3	8.39161
	2.2	2.3	0
	2.2	2.7	0
	2.2	2.7	0
	2.2	2.9	0
	2.2	2.9	0

	2.8	2.1	0
	2.8	2.1	8.39161
	2.8	2.3	8.39161
	2.8	2.3	0
	2.8	2.7	0
	2.8	2.7	0
	2.8	2.9	0
	2.8	2.9	0


	3.2	2.1	0
	3.2	2.1	6.83333
	3.2	2.3	6.83333
	3.2	2.3	0
	3.2	2.7	0
	3.2	2.7	0
	3.2	2.9	0
	3.2	2.9	0

	3.8	2.1	0
	3.8	2.1	6.83333
	3.8	2.3	6.83333
	3.8	2.3	0
	3.8	2.7	0
	3.8	2.7	0
	3.8	2.9	0
	3.8	2.9	0


	4.2	2.1	0
	4.2	2.1	0
	4.2	2.3	0
	4.2	2.3	0
	4.2	2.7	0
	4.2	2.7	0
	4.2	2.9	0
	4.2	2.9	0

	4.8	2.1	0
	4.8	2.1	0
	4.8	2.3	0
	4.8	2.3	0
	4.8	2.7	0
	4.8	2.7	0
	4.8	2.9	0
	4.8	2.9	0


	5.2	2.1	0
	5.2	2.1	0
	5.2	2.3	0
	5.2	2.3	0
	5.2	2.7	0
	5.2	2.7	0
	5.2	2.9	0
	5.2	2.9	0

	5.8	2.1	0
	5.8	2.1	0
	5.8	2.3	0
	5.8	2.3	0
	5.8	2.7	0
	5.8	2.7	0
	5.8	2.9	0
	5.8	2.9	0


	6.2	2.1	0
	6.2	2.1	0
	6.2	2.3	0
	6.2	2.3	0
	6.2	2.7	0
	6.2	2.7	0
	6.2	2.9	0
	6.2	2.9	0

	6.8	2.1	0
	6.8	2.1	0
	6.8	2.3	0
	6.8	2.3	0
	6.8	2.7	0
	6.8	2.7	0
	6.8	2.9	0
	6.8	2.9	0


	0.2	4.1	0
	0.2	4.1	0
	0.2	4.3	0
	0.2	4.3	0
	0.2	4.7	0
	0.2	4.7	0
	0.2	4.9	0
	0.2	4.9	0

	0.8	4.1	0
	0.8	4.1	0
	0.8	4.3	0
	0.8	4.3	0
	0.8	4.7	0
	0.8	4.7	0
	0.8	4.9	0
	0.8	4.9	0


	1.2	4.1	0
	1.2	4.1	0.714286
	1.2	4.3	0.714286
	1.2	4.3	0
	1.2	4.7	0
	1.2	4.7	0
	1.2	4.9	0
	1.2	4.9	0

	1.8	4.1	0
	1.8	4.1	0.714286
	1.8	4.3	0.714286
	1.8	4.3	0
	1.8	4.7	0
	1.8	4.7	0
	1.8	4.9	0
	1.8	4.9	0


	2.2	4.1	0
	2.2	4.1	1.53846
	2.2	4.3	1.53846
	2.2	4.3	0
	2.2	4.7	0
	2.2	4.7	0
	2.2	4.9	0
	2.2	4.9	0

	2.8	4.1	0
	2.8	4.1	1.53846
	2.8	4.3	1.53846
	2.8	4.3	0
	2.8	4.7	0
	2.8	4.7	0
	2.8	4.9	0
	2.8	4.9	0


	3.2	4.1	0
	3.2	4.1	1.86275
	3.2	4.3	1.86275
	3.2	4.3	0
	3.2	4.7	0
	3.2	4.7	0
	3.2	4.9	0
	3.2	4.9	0

	3.8	4.1	0
	3.8	4.1	1.86275
	3.8	4.3	1.86275
	3.8	4.3	0
	3.8	4.7	0
	3.8	4.7	0
	3.8	4.9	0
	3.8	4.9	0


	4.2	4.1	0
	4.2	4.1	0
	4.2	4.3	0
	4.2	4.3	0
	4.2	4.7	0
	4.2	4.7	0
	4.2	4.9	0
	4.2	4.9	0

	4.8	4.1	0
	4.8	4.1	0
	4.8	4.3	0
	4.8	4.3	0
	4.8	4.7	0
	4.8	4.7	0
	4.8	4.9	0
	4.8	4.9	0


	5.2	4.1	0
	5.2	4.1	0
	5.2	4.3	0
	5.2	4.3	0
	5.2	4.7	0
	5.2	4.7	0
	5.2	4.9	0
	5.2	4.9	0

	5.8	4.1	0
	5.8	4.1	0
	5.8	4.3	0
	5.8	4.3	0
	5.8	4.7	0
	5.8	4.7	0
	5.8	4.9	0
	5.8	4.9	0


	6.2	4.1	0
	6.2	4.1	0
	6.2	4.3	0
	6.2	4.3	0
	6.2	4.7	0
	6.2	4.7	0
	6.2	4.9	0
	6.2	4.9	0

	6.8	4.1	0
	6.8	4.1	0
	6.8	4.3	0
	6.8	4.3	0
	6.8	4.7	0
	6.8	4.7	0
	6.8	4.9	0
	6.8	4.9	0


	0.2	6.1	0
	0.2	6.1	0
	0.2	6.3	0
	0.2	6.3	0
	0.2	6.7	0
	0.2	6.7	0
	0.2	6.9	0
	0.2	6.9	0

	0.8	6.1	0
	0.8	6.1	0
	0.8	6.3	0
	0.8	6.3	0
	0.8	6.7	0
	0.8	6.7	0
	0.8	6.9	0
	0.8	6.9	0


	1.2	6.1	0
	1.2	6.1	0
	1.2	6.3	0
	1.2	6.3	0
	1.2	6.7	0
	1.2	6.7	0
	1.2	6.9	0
	1.2	6.9	0

	1.8	6.1	0
	1.8	6.1	0
	1.8	6.3	0
	1.8	6.3	0
	1.8	6.7	0
	1.8	6.7	0
	1.8	6.9	0
	1.8	6.9	0


	2.2	6.1	0
	2.2	6.1	16.3545
	2.2	6.3	16.3545
	2.2	6.3	0
	2.2	6.7	0
	2.2	6.7	5.05447
	2.2	6.9	5.05447
	2.2	6.9	0

	2.8	6.1	0
	2.8	6.1	16.3545
	2.8	6.3	16.3545
	2.8	6.3	0
	2.8	6.7	0
	2.8	6.7	5.05447
	2.8	6.9	5.05447
	2.8	6.9	0


	3.2	6.1	0
	3.2	6.1	15.7417
	3.2	6.3	15.7417
	3.2	6.3	0
	3.2	6.7	0
	3.2	6.7	4.89028
	3.2	6.9	4.89028
	3.2	6.9	0

	3.8	6.1	0
	3.8	6.1	15.7417
	3.8	6.3	15.7417
	3.8	6.3	0
	3.8	6.7	0
	3.8	6.7	4.89028
	3.8	6.9	4.89028
	3.8	6.9	0


	4.2	6.1	0
	4.2	6.1	15.0413
	4.2	6.3	15.0413
	4.2	6.3	0
	4.2	6.7	0
	4.2	6.7	1.96809
	4.2	6.9	1.96809
	4.2	6.9	0

	4.8	6.1	0
	4.8	6.1	15.0413
	4.8	6.3	15.0413
	4.8	6.3	0
	4.8	6.7	0
	4.8	6.7	1.96809
	4.8	6.9	1.96809
	4.8	6.9	0


	5.2	6.1	0
	5.2	6.1	0
	5.2	6.3	0
	5.2	6.3	0
	5.2	6.7	0
	5.2	6.7	1.96809
	5.2	6.9	1.96809
	5.2	6.9	0

	5.8	6.1	0
	5.8	6.1	0
	5.8	6.3	0
	5.8	6.3	0
	5.8	6.7	0
	5.8	6.7	1.96809
	5.8	6.9	1.96809
	5.8	6.9	0


	6.2	6.1	0
	6.2	6.1	0
	6.2	6.3	0
	6.2	6.3	0
	6.2	6.7	0
	6.2	6.7	0
	6.2	6.9	0
	6.2	6.9	0

	6.8	6.1	0
	6.8	6.1	0
	6.8	6.3	0
	6.8	6.3	0
	6.8	6.7	0
	6.8	6.7	0
	6.8	6.9	0
	6.8	6.9	0


	0.2	8.1	0
	0.2	8.1	2.38045
	0.2	8.3	2.38045
	0.2	8.3	0
	0.2	8.7	0
	0.2	8.7	0
	0.2	8.9	0
	0.2	8.9	0

	0.8	8.1	0
	0.8	8.1	2.38045
	0.8	8.3	2.38045
	0.8	8.3	0
	0.8	8.7	0
	0.8	8.7	0
	0.8	8.9	0
	0.8	8.9	0


	1.2	8.1	0
	1.2	8.1	3.9666
	1.2	8.3	3.9666
	1.2	8.3	0
	1.2	8.7	0
	1.2	8.7	0
	1.2	8.9	0
	1.2	8.9	0

	1.8	8.1	0
	1.8	8.1	3.9666
	1.8	8.3	3.9666
	1.8	8.3	0
	1.8	8.7	0
	1.8	8.7	0
	1.8	8.9	0
	1.8	8.9	0


	2.2	8.1	0
	2.2	8.1	0.181818
	2.2	8.3	0.181818
	2.2	8.3	0
	2.2	8.7	0
	2.2	8.7	8.93443
	2.2	8.9	8.93443
	2.2	8.9	0

	2.8	8.1	0
	2.8	8.1	0.181818
	2.8	8.3	0.181818
	2.8	8.3	0
	2.8	8.7	0
	2.8	8.7	8.93443
	2.8	8.9	8.93443
	2.8	8.9	0


	3.2	8.1	0
	3.2	8.1	0.397727
	3.2	8.3	0.397727
	3.2	8.3	0
	3.2	8.7	0
	3.2	8.7	9.19959
	3.2	8.9	9.19959
	3.2	8.9	0

	3.8	8.1	0
	3.8	8.1	0.397727
	3.8	8.3	0.397727
	3.8	8.3	0
	3.8	8.7	0
	3.8	8.7	9.19959
	3.8	8.9	9.19959
	3.8	8.9	0


	4.2	8.1	0
	4.2	8.1	0
	4.2	8.3	0
	4.2	8.3	0
	4.2	8.7	0
	4.2	8.7	15.9278
	4.2	8.9	15.9278
	4.2	8.9	0

	4.8	8.1	0
	4.8	8.1	0
	4.8	8.3	0
	4.8	8.3	0
	4.8	8.7	0
	4.8	8.7	15.9278
	4.8	8.9	15.9278
	4.8	8.9	0


	5.2	8.1	0
	5.2	8.1	0
	5.2	8.3	0
	5.2	8.3	0
	5.2	8.7	0
	5.2	8.7	1.72249
	5.2	8.9	1.72249
	5.2	8.9	0

	5.8	8.1	0
	5.8	8.1	0
	5.8	8.3	0
	5.8	8.3	0
	5.8	8.7	0
	5.8	8.7	1.72249
	5.8	8.9	1.72249
	5.8	8.9	0


	6.2	8.1	0
	6.2	8.1	0
	6.2	8.3	0
	6.2	8.3	0
	6.2	8.7	0
	6.2	8.7	0
	6.2	8.9	0
	6.2	8.9	0

	6.8	8.1	0
	6.8	8.1	0
	6.8	8.3	0
	6.8	8.3	0
	6.8	8.7	0
	6.8	8.7	0
	6.8	8.9	0
	6.8	8.9	0


	0.2	10.1	0
	0.2	10.1	8.14016
	0.2	10.3	8.14016
	0.2	10.3	0
	0.2	10.7	0
	0.2	10.7	0
	0.2	10.9	0
	0.2	10.9	0

	0.8	10.1	0
	0.8	10.1	8.14016
	0.8	10.3	8.14016
	0.8	10.3	0
	0.8	10.7	0
	0.8	10.7	0
	0.8	10.9	0
	0.8	10.9	0


	1.2	10.1	0
	1.2	10.1	4.94681
	1.2	10.3	4.94681
	1.2	10.3	0
	1.2	10.7	0
	1.2	10.7	0
	1.2	10.9	0
	1.2	10.9	0

	1.8	10.1	0
	1.8	10.1	4.94681
	1.8	10.3	4.94681
	1.8	10.3	0
	1.8	10.7	0
	1.8	10.7	0
	1.8	10.9	0
	1.8	10.9	0


	2.2	10.1	0
	2.2	10.1	0
	2.2	10.3	0
	2.2	10.3	0
	2.2	10.7	0
	2.2	10.7	0
	2.2	10.9	0
	2.2	10.9	0

	2.8	10.1	0
	2.8	10.1	0
	2.8	10.3	0
	2.8	10.3	0
	2.8	10.7	0
	2.8	10.7	0
	2.8	10.9	0
	2.8	10.9	0


	3.2	10.1	0
	3.2	10.1	0
	3.2	10.3	0
	3.2	10.3	0
	3.2	10.7	0
	3.2	10.7	0
	3.2	10.9	0
	3.2	10.9	0

	3.8	10.1	0
	3.8	10.1	0
	3.8	10.3	0
	3.8	10.3	0
	3.8	10.7	0
	3.8	10.7	0
	3.8	10.9	0
	3.8	10.9	0


	4.2	10.1	0
	4.2	10.1	0
	4.2	10.3	0
	4.2	10.3	0
	4.2	10.7	0
	4.2	10.7	2.55009
	4.2	10.9	2.55009
	4.2	10.9	0

	4.8	10.1	0
	4.8	10.1	0
	4.8	10.3	0
	4.8	10.3	0
	4.8	10.7	0
	4.8	10.7	2.55009
	4.8	10.9	2.55009
	4.8	10.9	0


	5.2	10.1	0
	5.2	10.1	0
	5.2	10.3	0
	5.2	10.3	0
	5.2	10.7	0
	5.2	10.7	2.86738
	5.2	10.9	2.86738
	5.2	10.9	0

	5.8	10.1	0
	5.8	10.1	0
	5.8	10.3	0
	5.8	10.3	0
	5.8	10.7	0
	5.8	10.7	2.86738
	5.8	10.9	2.86738
	5.8	10.9	0


	6.2	10.1	0
	6.2	10.1	0
	6.2	10.3	0
	6.2	10.3	0
	6.2	10.7	0
	6.2	10.7	0
	6.2	10.9	0
	6.2	10.9	0

	6.8	10.1	0
	6.8	10.1	0
	6.8	10.3	0
	6.8	10.3	0
	6.8	10.7	0
	6.8	10.7	0
	6.8	10.9	0
	6.8	10.9	0


	0.2	12.1	0
	0.2	12.1	0
	0.2	12.3	0
	0.2	12.3	0
	0.2	12.7	0
	0.2	12.7	0
	0.2	12.9	0
	0.2	12.9	0

	0.8	12.1	0
	0.8	12.1	0
	0.8	12.3	0
	0.8	12.3	0
	0.8	12.7	0
	0.8	12.7	0
	0.8	12.9	0
	0.8	12.9	0


	1.2	12.1	0
	1.2	12.1	0
	1.2	12.3	0
	1.2	12.3	0
	1.2	12.7	0
	1.2	12.7	0
	1.2	12.9	0
	1.2	12.9	0

	1.8	12.1	0
	1.8	12.1	0
	1.8	12.3	0
	1.8	12.3	0
	1.8	12.7	0
	1.8	12.7	0
	1.8	12.9	0
	1.8	12.9	0


	2.2	12.1	0
	2.2	12.1	0
	2.2	12.3	0
	2.2	12.3	0
	2.2	12.7	0
	2.2	12.7	0
	2.2	12.9	0
	2.2	12.9	0

	2.8	12.1	0
	2.8	12.1	0
	2.8	12.3	0
	2.8	12.3	0
	2.8	12.7	0
	2.8	12.7	0
	2.8	12.9	0
	2.8	12.9	0


	3.2	12.1	0
	3.2	12.1	0
	3.2	12.3	0
	3.2	12.3	0
	3.2	12.7	0
	3.2	12.7	0
	3.2	12.9	0
	3.2	12.9	0

	3.8	12.1	0
	3.8	12.1	0
	3.8	12.3	0
	3.8	12.3	0
	3.8	12.7	0
	3.8	12.7	0
	3.8	12.9	0
	3.8	12.9	0


	4.2	12.1	0
	4.2	12.1	0
	4.2	12.3	0
	4.2	12.3	0
	4.2	12.7	0
	4.2	12.7	3.03448
	4.2	12.9	3.03448
	4.2	12.9	0

	4.8	12.1	0
	4.8	12.1	0
	4.8	12.3	0
	4.8	12.3	0
	4.8	12.7	0
	4.8	12.7	3.03448
	4.8	12.9	3.03448
	4.8	12.9	0


	5.2	12.1	0
	5.2	12.1	0
	5.2	12.3	0
	5.2	12.3	0
	5.2	12.7	0
	5.2	12.7	3.81565
	5.2	12.9	3.81565
	5.2	12.9	0

	5.8	12.1	0
	5.8	12.1	0
	5.8	12.3	0
	5.8	12.3	0
	5.8	12.7	0
	5.8	12.7	3.81565
	5.8	12.9	3.81565
	5.8	12.9	0


	6.2	12.1	0
	6.2	12.1	0
	6.2	12.3	0
	6.2	12.3	0
	6.2	12.7	0
	6.2	12.7	0
	6.2	12.9	0
	6.2	12.9	0

	6.8	12.1	0
	6.8	12.1	0
	6.8	12.3	0
	6.8	12.3	0
	6.8	12.7	0
	6.8	12.7	0
	6.8	12.9	0
	6.8	12.9	0


	0.2	14.1	0
	0.2	14.1	0
	0.2	14.3	0
	0.2	14.3	0
	0.2	14.7	0
	0.2	14.7	0
	0.2	14.9	0
	0.2	14.9	0

	0.8	14.1	0
	0.8	14.1	0
	0.8	14.3	0
	0.8	14.3	0
	0.8	14.7	0
	0.8	14.7	0
	0.8	14.9	0
	0.8	14.9	0


	1.2	14.1	0
	1.2	14.1	0
	1.2	14.3	0
	1.2	14.3	0
	1.2	14.7	0
	1.2	14.7	0
	1.2	14.9	0
	1.2	14.9	0

	1.8	14.1	0
	1.8	14.1	0
	1.8	14.3	0
	1.8	14.3	0
	1.8	14.7	0
	1.8	14.7	0
	1.8	14.9	0
	1.8	14.9	0


	2.2	14.1	0
	2.2	14.1	0
	2.2	14.3	0
	2.2	14.3	0
	2.2	14.7	0
	2.2	14.7	0
	2.2	14.9	0
	2.2	14.9	0

	2.8	14.1	0
	2.8	14.1	0
	2.8	14.3	0
	2.8	14.3	0
	2.8	14.7	0
	2.8	14.7	0
	2.8	14.9	0
	2.8	14.9	0


	3.2	14.1	0
	3.2	14.1	0
	3.2	14.3	0
	3.2	14.3	0
	3.2	14.7	0
	3.2	14.7	0
	3.2	14.9	0
	3.2	14.9	0

	3.8	14.1	0
	3.8	14.1	0
	3.8	14.3	0
	3.8	14.3	0
	3.8	14.7	0
	3.8	14.7	0
	3.8	14.9	0
	3.8	14.9	0


	4.2	14.1	0
	4.2	14.1	0
	4.2	14.3	0
	4.2	14.3	0
	4.2	14.7	0
	4.2	14.7	10.4348
	4.2	14.9	10.4348
	4.2	14.9	0

	4.8	14.1	0
	4.8	14.1	0
	4.8	14.3	0
	4.8	14.3	0
	4.8	14.7	0
	4.8	14.7	10.4348
	4.8	14.9	10.4348
	4.8	14.9	0


	5.2	14.1	0
	5.2	14.1	0
	5.2	14.3	0
	5.2	14.3	0
	5.2	14.7	0
	5.2	14.7	10.5645
	5.2	14.9	10.5645
	5.2	14.9	0

	5.8	14.1	0
	5.8	14.1	0
	5.8	14.3	0
	5.8	14.3	0
	5.8	14.7	0
	5.8	14.7	10.5645
	5.8	14.9	10.5645
	5.8	14.9	0


	6.2	14.1	0
	6.2	14.1	0
	6.2	14.3	0
	6.2	14.3	0
	6.2	14.7	0
	6.2	14.7	0
	6.2	14.9	0
	6.2	14.9	0

	6.8	14.1	0
	6.8	14.1	0
	6.8	14.3	0
	6.8	14.3	0
	6.8	14.7	0
	6.8	14.7	0
	6.8	14.9	0
	6.8	14.9	0


