	0.1	0.2	0
	0.1	0.2	0
	0.3	0.2	0
	0.3	0.2	0
	0.7	0.2	0
	0.7	0.2	13.6842
	0.9	0.2	13.6842
	0.9	0.2	0

	0.1	0.8	0
	0.1	0.8	0
	0.3	0.8	0
	0.3	0.8	0
	0.7	0.8	0
	0.7	0.8	13.6842
	0.9	0.8	13.6842
	0.9	0.8	0


	0.1	2.2	0
	0.1	2.2	0
	0.3	2.2	0
	0.3	2.2	0
	0.7	2.2	0
	0.7	2.2	0
	0.9	2.2	0
	0.9	2.2	0

	0.1	2.8	0
	0.1	2.8	0
	0.3	2.8	0
	0.3	2.8	0
	0.7	2.8	0
	0.7	2.8	0
	0.9	2.8	0
	0.9	2.8	0


	0.1	4.2	0
	0.1	4.2	0
	0.3	4.2	0
	0.3	4.2	0
	0.7	4.2	0
	0.7	4.2	0
	0.9	4.2	0
	0.9	4.2	0

	0.1	4.8	0
	0.1	4.8	0
	0.3	4.8	0
	0.3	4.8	0
	0.7	4.8	0
	0.7	4.8	0
	0.9	4.8	0
	0.9	4.8	0


	0.1	6.2	0
	0.1	6.2	0
	0.3	6.2	0
	0.3	6.2	0
	0.7	6.2	0
	0.7	6.2	0
	0.9	6.2	0
	0.9	6.2	0

	0.1	6.8	0
	0.1	6.8	0
	0.3	6.8	0
	0.3	6.8	0
	0.7	6.8	0
	0.7	6.8	0
	0.9	6.8	0
	0.9	6.8	0


	0.1	8.2	0
	0.1	8.2	44.725
	0.3	8.2	44.725
	0.3	8.2	0
	0.7	8.2	0
	0.7	8.2	0
	0.9	8.2	0
	0.9	8.2	0

	0.1	8.8	0
	0.1	8.8	44.725
	0.3	8.8	44.725
	0.3	8.8	0
	0.7	8.8	0
	0.7	8.8	0
	0.9	8.8	0
	0.9	8.8	0


	0.1	10.2	0
	0.1	10.2	0
	0.3	10.2	0
	0.3	10.2	0
	0.7	10.2	0
	0.7	10.2	0
	0.9	10.2	0
	0.9	10.2	0

	0.1	10.8	0
	0.1	10.8	0
	0.3	10.8	0
	0.3	10.8	0
	0.7	10.8	0
	0.7	10.8	0
	0.9	10.8	0
	0.9	10.8	0


	0.1	12.2	0
	0.1	12.2	0
	0.3	12.2	0
	0.3	12.2	0
	0.7	12.2	0
	0.7	12.2	0
	0.9	12.2	0
	0.9	12.2	0

	0.1	12.8	0
	0.1	12.8	0
	0.3	12.8	0
	0.3	12.8	0
	0.7	12.8	0
	0.7	12.8	0
	0.9	12.8	0
	0.9	12.8	0


	1.1	0.2	0
	1.1	0.2	0
	1.3	0.2	0
	1.3	0.2	0
	1.7	0.2	0
	1.7	0.2	26.3433
	1.9	0.2	26.3433
	1.9	0.2	0

	1.1	0.8	0
	1.1	0.8	0
	1.3	0.8	0
	1.3	0.8	0
	1.7	0.8	0
	1.7	0.8	26.3433
	1.9	0.8	26.3433
	1.9	0.8	0


	1.1	2.2	0
	1.1	2.2	0
	1.3	2.2	0
	1.3	2.2	0
	1.7	2.2	0
	1.7	2.2	14
	1.9	2.2	14
	1.9	2.2	0

	1.1	2.8	0
	1.1	2.8	0
	1.3	2.8	0
	1.3	2.8	0
	1.7	2.8	0
	1.7	2.8	14
	1.9	2.8	14
	1.9	2.8	0


	1.1	4.2	0
	1.1	4.2	0
	1.3	4.2	0
	1.3	4.2	0
	1.7	4.2	0
	1.7	4.2	14
	1.9	4.2	14
	1.9	4.2	0

	1.1	4.8	0
	1.1	4.8	0
	1.3	4.8	0
	1.3	4.8	0
	1.7	4.8	0
	1.7	4.8	14
	1.9	4.8	14
	1.9	4.8	0


	1.1	6.2	0
	1.1	6.2	0
	1.3	6.2	0
	1.3	6.2	0
	1.7	6.2	0
	1.7	6.2	16
	1.9	6.2	16
	1.9	6.2	0

	1.1	6.8	0
	1.1	6.8	0
	1.3	6.8	0
	1.3	6.8	0
	1.7	6.8	0
	1.7	6.8	16
	1.9	6.8	16
	1.9	6.8	0


	1.1	8.2	0
	1.1	8.2	17.2931
	1.3	8.2	17.2931
	1.3	8.2	0
	1.7	8.2	0
	1.7	8.2	0
	1.9	8.2	0
	1.9	8.2	0

	1.1	8.8	0
	1.1	8.8	17.2931
	1.3	8.8	17.2931
	1.3	8.8	0
	1.7	8.8	0
	1.7	8.8	0
	1.9	8.8	0
	1.9	8.8	0


	1.1	10.2	0
	1.1	10.2	0
	1.3	10.2	0
	1.3	10.2	0
	1.7	10.2	0
	1.7	10.2	0
	1.9	10.2	0
	1.9	10.2	0

	1.1	10.8	0
	1.1	10.8	0
	1.3	10.8	0
	1.3	10.8	0
	1.7	10.8	0
	1.7	10.8	0
	1.9	10.8	0
	1.9	10.8	0


	1.1	12.2	0
	1.1	12.2	0
	1.3	12.2	0
	1.3	12.2	0
	1.7	12.2	0
	1.7	12.2	0
	1.9	12.2	0
	1.9	12.2	0

	1.1	12.8	0
	1.1	12.8	0
	1.3	12.8	0
	1.3	12.8	0
	1.7	12.8	0
	1.7	12.8	0
	1.9	12.8	0
	1.9	12.8	0


	2.1	0.2	0
	2.1	0.2	0
	2.3	0.2	0
	2.3	0.2	0
	2.7	0.2	0
	2.7	0.2	63.6286
	2.9	0.2	63.6286
	2.9	0.2	0

	2.1	0.8	0
	2.1	0.8	0
	2.3	0.8	0
	2.3	0.8	0
	2.7	0.8	0
	2.7	0.8	63.6286
	2.9	0.8	63.6286
	2.9	0.8	0


	2.1	2.2	0
	2.1	2.2	0
	2.3	2.2	0
	2.3	2.2	0
	2.7	2.2	0
	2.7	2.2	12
	2.9	2.2	12
	2.9	2.2	0

	2.1	2.8	0
	2.1	2.8	0
	2.3	2.8	0
	2.3	2.8	0
	2.7	2.8	0
	2.7	2.8	12
	2.9	2.8	12
	2.9	2.8	0


	2.1	4.2	0
	2.1	4.2	0
	2.3	4.2	0
	2.3	4.2	0
	2.7	4.2	0
	2.7	4.2	0
	2.9	4.2	0
	2.9	4.2	0

	2.1	4.8	0
	2.1	4.8	0
	2.3	4.8	0
	2.3	4.8	0
	2.7	4.8	0
	2.7	4.8	0
	2.9	4.8	0
	2.9	4.8	0


	2.1	6.2	0
	2.1	6.2	0
	2.3	6.2	0
	2.3	6.2	0
	2.7	6.2	0
	2.7	6.2	14.9397
	2.9	6.2	14.9397
	2.9	6.2	0

	2.1	6.8	0
	2.1	6.8	0
	2.3	6.8	0
	2.3	6.8	0
	2.7	6.8	0
	2.7	6.8	14.9397
	2.9	6.8	14.9397
	2.9	6.8	0


	2.1	8.2	0
	2.1	8.2	15.9032
	2.3	8.2	15.9032
	2.3	8.2	0
	2.7	8.2	0
	2.7	8.2	0
	2.9	8.2	0
	2.9	8.2	0

	2.1	8.8	0
	2.1	8.8	15.9032
	2.3	8.8	15.9032
	2.3	8.8	0
	2.7	8.8	0
	2.7	8.8	0
	2.9	8.8	0
	2.9	8.8	0


	2.1	10.2	0
	2.1	10.2	0
	2.3	10.2	0
	2.3	10.2	0
	2.7	10.2	0
	2.7	10.2	0
	2.9	10.2	0
	2.9	10.2	0

	2.1	10.8	0
	2.1	10.8	0
	2.3	10.8	0
	2.3	10.8	0
	2.7	10.8	0
	2.7	10.8	0
	2.9	10.8	0
	2.9	10.8	0


	2.1	12.2	0
	2.1	12.2	0
	2.3	12.2	0
	2.3	12.2	0
	2.7	12.2	0
	2.7	12.2	0
	2.9	12.2	0
	2.9	12.2	0

	2.1	12.8	0
	2.1	12.8	0
	2.3	12.8	0
	2.3	12.8	0
	2.7	12.8	0
	2.7	12.8	0
	2.9	12.8	0
	2.9	12.8	0


	3.1	0.2	0
	3.1	0.2	0
	3.3	0.2	0
	3.3	0.2	0
	3.7	0.2	0
	3.7	0.2	72.2182
	3.9	0.2	72.2182
	3.9	0.2	0

	3.1	0.8	0
	3.1	0.8	0
	3.3	0.8	0
	3.3	0.8	0
	3.7	0.8	0
	3.7	0.8	72.2182
	3.9	0.8	72.2182
	3.9	0.8	0


	3.1	2.2	0
	3.1	2.2	0
	3.3	2.2	0
	3.3	2.2	0
	3.7	2.2	0
	3.7	2.2	20.2632
	3.9	2.2	20.2632
	3.9	2.2	0

	3.1	2.8	0
	3.1	2.8	0
	3.3	2.8	0
	3.3	2.8	0
	3.7	2.8	0
	3.7	2.8	20.2632
	3.9	2.8	20.2632
	3.9	2.8	0


	3.1	4.2	0
	3.1	4.2	0
	3.3	4.2	0
	3.3	4.2	0
	3.7	4.2	0
	3.7	4.2	13.7
	3.9	4.2	13.7
	3.9	4.2	0

	3.1	4.8	0
	3.1	4.8	0
	3.3	4.8	0
	3.3	4.8	0
	3.7	4.8	0
	3.7	4.8	13.7
	3.9	4.8	13.7
	3.9	4.8	0


	3.1	6.2	0
	3.1	6.2	0
	3.3	6.2	0
	3.3	6.2	0
	3.7	6.2	0
	3.7	6.2	15.2
	3.9	6.2	15.2
	3.9	6.2	0

	3.1	6.8	0
	3.1	6.8	0
	3.3	6.8	0
	3.3	6.8	0
	3.7	6.8	0
	3.7	6.8	15.2
	3.9	6.8	15.2
	3.9	6.8	0


	3.1	8.2	0
	3.1	8.2	0
	3.3	8.2	0
	3.3	8.2	0
	3.7	8.2	0
	3.7	8.2	0
	3.9	8.2	0
	3.9	8.2	0

	3.1	8.8	0
	3.1	8.8	0
	3.3	8.8	0
	3.3	8.8	0
	3.7	8.8	0
	3.7	8.8	0
	3.9	8.8	0
	3.9	8.8	0


	3.1	10.2	0
	3.1	10.2	0
	3.3	10.2	0
	3.3	10.2	0
	3.7	10.2	0
	3.7	10.2	0
	3.9	10.2	0
	3.9	10.2	0

	3.1	10.8	0
	3.1	10.8	0
	3.3	10.8	0
	3.3	10.8	0
	3.7	10.8	0
	3.7	10.8	0
	3.9	10.8	0
	3.9	10.8	0


	3.1	12.2	0
	3.1	12.2	0
	3.3	12.2	0
	3.3	12.2	0
	3.7	12.2	0
	3.7	12.2	0
	3.9	12.2	0
	3.9	12.2	0

	3.1	12.8	0
	3.1	12.8	0
	3.3	12.8	0
	3.3	12.8	0
	3.7	12.8	0
	3.7	12.8	0
	3.9	12.8	0
	3.9	12.8	0


	4.1	0.2	0
	4.1	0.2	0
	4.3	0.2	0
	4.3	0.2	0
	4.7	0.2	0
	4.7	0.2	15.0503
	4.9	0.2	15.0503
	4.9	0.2	0

	4.1	0.8	0
	4.1	0.8	0
	4.3	0.8	0
	4.3	0.8	0
	4.7	0.8	0
	4.7	0.8	15.0503
	4.9	0.8	15.0503
	4.9	0.8	0


	4.1	2.2	0
	4.1	2.2	0
	4.3	2.2	0
	4.3	2.2	0
	4.7	2.2	0
	4.7	2.2	53.481
	4.9	2.2	53.481
	4.9	2.2	0

	4.1	2.8	0
	4.1	2.8	0
	4.3	2.8	0
	4.3	2.8	0
	4.7	2.8	0
	4.7	2.8	53.481
	4.9	2.8	53.481
	4.9	2.8	0


	4.1	4.2	0
	4.1	4.2	18.7273
	4.3	4.2	18.7273
	4.3	4.2	0
	4.7	4.2	0
	4.7	4.2	53.5962
	4.9	4.2	53.5962
	4.9	4.2	0

	4.1	4.8	0
	4.1	4.8	18.7273
	4.3	4.8	18.7273
	4.3	4.8	0
	4.7	4.8	0
	4.7	4.8	53.5962
	4.9	4.8	53.5962
	4.9	4.8	0


	4.1	6.2	0
	4.1	6.2	54.1677
	4.3	6.2	54.1677
	4.3	6.2	0
	4.7	6.2	0
	4.7	6.2	50.9637
	4.9	6.2	50.9637
	4.9	6.2	0

	4.1	6.8	0
	4.1	6.8	54.1677
	4.3	6.8	54.1677
	4.3	6.8	0
	4.7	6.8	0
	4.7	6.8	50.9637
	4.9	6.8	50.9637
	4.9	6.8	0


	4.1	8.2	0
	4.1	8.2	58.6358
	4.3	8.2	58.6358
	4.3	8.2	0
	4.7	8.2	0
	4.7	8.2	0
	4.9	8.2	0
	4.9	8.2	0

	4.1	8.8	0
	4.1	8.8	58.6358
	4.3	8.8	58.6358
	4.3	8.8	0
	4.7	8.8	0
	4.7	8.8	0
	4.9	8.8	0
	4.9	8.8	0


	4.1	10.2	0
	4.1	10.2	35.9645
	4.3	10.2	35.9645
	4.3	10.2	0
	4.7	10.2	0
	4.7	10.2	0
	4.9	10.2	0
	4.9	10.2	0

	4.1	10.8	0
	4.1	10.8	35.9645
	4.3	10.8	35.9645
	4.3	10.8	0
	4.7	10.8	0
	4.7	10.8	0
	4.9	10.8	0
	4.9	10.8	0


	4.1	12.2	0
	4.1	12.2	15.7391
	4.3	12.2	15.7391
	4.3	12.2	0
	4.7	12.2	0
	4.7	12.2	0
	4.9	12.2	0
	4.9	12.2	0

	4.1	12.8	0
	4.1	12.8	15.7391
	4.3	12.8	15.7391
	4.3	12.8	0
	4.7	12.8	0
	4.7	12.8	0
	4.9	12.8	0
	4.9	12.8	0


	5.1	0.2	0
	5.1	0.2	0
	5.3	0.2	0
	5.3	0.2	0
	5.7	0.2	0
	5.7	0.2	0
	5.9	0.2	0
	5.9	0.2	0

	5.1	0.8	0
	5.1	0.8	0
	5.3	0.8	0
	5.3	0.8	0
	5.7	0.8	0
	5.7	0.8	0
	5.9	0.8	0
	5.9	0.8	0


	5.1	2.2	0
	5.1	2.2	0
	5.3	2.2	0
	5.3	2.2	0
	5.7	2.2	0
	5.7	2.2	0
	5.9	2.2	0
	5.9	2.2	0

	5.1	2.8	0
	5.1	2.8	0
	5.3	2.8	0
	5.3	2.8	0
	5.7	2.8	0
	5.7	2.8	0
	5.9	2.8	0
	5.9	2.8	0


	5.1	4.2	0
	5.1	4.2	0
	5.3	4.2	0
	5.3	4.2	0
	5.7	4.2	0
	5.7	4.2	0
	5.9	4.2	0
	5.9	4.2	0

	5.1	4.8	0
	5.1	4.8	0
	5.3	4.8	0
	5.3	4.8	0
	5.7	4.8	0
	5.7	4.8	0
	5.9	4.8	0
	5.9	4.8	0


	5.1	6.2	0
	5.1	6.2	0
	5.3	6.2	0
	5.3	6.2	0
	5.7	6.2	0
	5.7	6.2	0
	5.9	6.2	0
	5.9	6.2	0

	5.1	6.8	0
	5.1	6.8	0
	5.3	6.8	0
	5.3	6.8	0
	5.7	6.8	0
	5.7	6.8	0
	5.9	6.8	0
	5.9	6.8	0


	5.1	8.2	0
	5.1	8.2	0
	5.3	8.2	0
	5.3	8.2	0
	5.7	8.2	0
	5.7	8.2	0
	5.9	8.2	0
	5.9	8.2	0

	5.1	8.8	0
	5.1	8.8	0
	5.3	8.8	0
	5.3	8.8	0
	5.7	8.8	0
	5.7	8.8	0
	5.9	8.8	0
	5.9	8.8	0


	5.1	10.2	0
	5.1	10.2	0
	5.3	10.2	0
	5.3	10.2	0
	5.7	10.2	0
	5.7	10.2	0
	5.9	10.2	0
	5.9	10.2	0

	5.1	10.8	0
	5.1	10.8	0
	5.3	10.8	0
	5.3	10.8	0
	5.7	10.8	0
	5.7	10.8	0
	5.9	10.8	0
	5.9	10.8	0


	5.1	12.2	0
	5.1	12.2	0
	5.3	12.2	0
	5.3	12.2	0
	5.7	12.2	0
	5.7	12.2	0
	5.9	12.2	0
	5.9	12.2	0

	5.1	12.8	0
	5.1	12.8	0
	5.3	12.8	0
	5.3	12.8	0
	5.7	12.8	0
	5.7	12.8	0
	5.9	12.8	0
	5.9	12.8	0


	6.1	0.2	0
	6.1	0.2	0
	6.3	0.2	0
	6.3	0.2	0
	6.7	0.2	0
	6.7	0.2	0
	6.9	0.2	0
	6.9	0.2	0

	6.1	0.8	0
	6.1	0.8	0
	6.3	0.8	0
	6.3	0.8	0
	6.7	0.8	0
	6.7	0.8	0
	6.9	0.8	0
	6.9	0.8	0


	6.1	2.2	0
	6.1	2.2	0
	6.3	2.2	0
	6.3	2.2	0
	6.7	2.2	0
	6.7	2.2	0
	6.9	2.2	0
	6.9	2.2	0

	6.1	2.8	0
	6.1	2.8	0
	6.3	2.8	0
	6.3	2.8	0
	6.7	2.8	0
	6.7	2.8	0
	6.9	2.8	0
	6.9	2.8	0


	6.1	4.2	0
	6.1	4.2	0
	6.3	4.2	0
	6.3	4.2	0
	6.7	4.2	0
	6.7	4.2	0
	6.9	4.2	0
	6.9	4.2	0

	6.1	4.8	0
	6.1	4.8	0
	6.3	4.8	0
	6.3	4.8	0
	6.7	4.8	0
	6.7	4.8	0
	6.9	4.8	0
	6.9	4.8	0


	6.1	6.2	0
	6.1	6.2	15.2432
	6.3	6.2	15.2432
	6.3	6.2	0
	6.7	6.2	0
	6.7	6.2	0
	6.9	6.2	0
	6.9	6.2	0

	6.1	6.8	0
	6.1	6.8	15.2432
	6.3	6.8	15.2432
	6.3	6.8	0
	6.7	6.8	0
	6.7	6.8	0
	6.9	6.8	0
	6.9	6.8	0


	6.1	8.2	0
	6.1	8.2	13.6216
	6.3	8.2	13.6216
	6.3	8.2	0
	6.7	8.2	0
	6.7	8.2	0
	6.9	8.2	0
	6.9	8.2	0

	6.1	8.8	0
	6.1	8.8	13.6216
	6.3	8.8	13.6216
	6.3	8.8	0
	6.7	8.8	0
	6.7	8.8	0
	6.9	8.8	0
	6.9	8.8	0


	6.1	10.2	0
	6.1	10.2	13.7676
	6.3	10.2	13.7676
	6.3	10.2	0
	6.7	10.2	0
	6.7	10.2	0
	6.9	10.2	0
	6.9	10.2	0

	6.1	10.8	0
	6.1	10.8	13.7676
	6.3	10.8	13.7676
	6.3	10.8	0
	6.7	10.8	0
	6.7	10.8	0
	6.9	10.8	0
	6.9	10.8	0


	6.1	12.2	0
	6.1	12.2	6.85837
	6.3	12.2	6.85837
	6.3	12.2	0
	6.7	12.2	0
	6.7	12.2	0
	6.9	12.2	0
	6.9	12.2	0

	6.1	12.8	0
	6.1	12.8	6.85837
	6.3	12.8	6.85837
	6.3	12.8	0
	6.7	12.8	0
	6.7	12.8	0
	6.9	12.8	0
	6.9	12.8	0


	7.1	0.2	0
	7.1	0.2	0
	7.3	0.2	0
	7.3	0.2	0
	7.7	0.2	0
	7.7	0.2	0
	7.9	0.2	0
	7.9	0.2	0

	7.1	0.8	0
	7.1	0.8	0
	7.3	0.8	0
	7.3	0.8	0
	7.7	0.8	0
	7.7	0.8	0
	7.9	0.8	0
	7.9	0.8	0


	7.1	2.2	0
	7.1	2.2	0
	7.3	2.2	0
	7.3	2.2	0
	7.7	2.2	0
	7.7	2.2	0
	7.9	2.2	0
	7.9	2.2	0

	7.1	2.8	0
	7.1	2.8	0
	7.3	2.8	0
	7.3	2.8	0
	7.7	2.8	0
	7.7	2.8	0
	7.9	2.8	0
	7.9	2.8	0


	7.1	4.2	0
	7.1	4.2	0
	7.3	4.2	0
	7.3	4.2	0
	7.7	4.2	0
	7.7	4.2	0
	7.9	4.2	0
	7.9	4.2	0

	7.1	4.8	0
	7.1	4.8	0
	7.3	4.8	0
	7.3	4.8	0
	7.7	4.8	0
	7.7	4.8	0
	7.9	4.8	0
	7.9	4.8	0


	7.1	6.2	0
	7.1	6.2	0
	7.3	6.2	0
	7.3	6.2	0
	7.7	6.2	0
	7.7	6.2	0
	7.9	6.2	0
	7.9	6.2	0

	7.1	6.8	0
	7.1	6.8	0
	7.3	6.8	0
	7.3	6.8	0
	7.7	6.8	0
	7.7	6.8	0
	7.9	6.8	0
	7.9	6.8	0


	7.1	8.2	0
	7.1	8.2	0
	7.3	8.2	0
	7.3	8.2	0
	7.7	8.2	0
	7.7	8.2	0
	7.9	8.2	0
	7.9	8.2	0

	7.1	8.8	0
	7.1	8.8	0
	7.3	8.8	0
	7.3	8.8	0
	7.7	8.8	0
	7.7	8.8	0
	7.9	8.8	0
	7.9	8.8	0


	7.1	10.2	0
	7.1	10.2	0
	7.3	10.2	0
	7.3	10.2	0
	7.7	10.2	0
	7.7	10.2	0
	7.9	10.2	0
	7.9	10.2	0

	7.1	10.8	0
	7.1	10.8	0
	7.3	10.8	0
	7.3	10.8	0
	7.7	10.8	0
	7.7	10.8	0
	7.9	10.8	0
	7.9	10.8	0


	7.1	12.2	0
	7.1	12.2	0
	7.3	12.2	0
	7.3	12.2	0
	7.7	12.2	0
	7.7	12.2	0
	7.9	12.2	0
	7.9	12.2	0

	7.1	12.8	0
	7.1	12.8	0
	7.3	12.8	0
	7.3	12.8	0
	7.7	12.8	0
	7.7	12.8	0
	7.9	12.8	0
	7.9	12.8	0


