Tile ID						Power estimation

0						0.00502391
1						0.00462781
2						0.0107035
3						0.00911573
4						0.00569358
5						0
6						0
7						0
8						0.000317316
9						0.00142587
10						0.00237217
11						0.00548209
12						0.0102288
13						0
14						0
15						0
16						0
17						6.48109e-06
18						2.26838e-05
19						0.000761169
20						0.010641
21						0
22						0
23						0
24						0
25						3.24055e-06
26						0.0147054
27						0.0146691
28						0.0251432
29						0.0137572
30						0.000165268
31						0
32						0.00259166
33						0.00485459
34						0.0159575
35						0.00201755
36						0.0185045
37						0.00357164
38						0.000450436
39						0
40						0.0135554
41						0.0109528
42						0.00873861
43						0
44						0.00644126
45						0.000817286
46						0.00127939
47						0
48						0
49						0
50						0
51						0
52						0.00525239
53						0.00147304
54						0.00255063
55						0
56						0
57						0
58						0
59						0
60						0.00363299
61						0.00361464
62						0.0062528
63						0


Total Netwok Power(In Watt):0.247375