79
77
75
90
83
77
90
95
76
97
92
97
92
82
85
106
127
96
81
95
81
90
135
84
77
85
90
155
96
85
95
81
74
88
77
179
88
95
84
109
106
199
92
85
102
79
85
90
215
96
93
110
79
84
97
90
239
104
97
85
102
92
109
90
87
100
85
82
263
88
81
82
287
88
121
106
103
124
101
118
319
112
117
101
98
104
130
135
128
105
122
343
120
93
114
107
144
109
106
375
120
161
102
153
102
399
124
127
120
201
98
96
105
94
183
423
96
89
86
159
188
209
106
447
435
96
117
94
111
96
221
134
451
435
96
113
86
91
80
233
106
443
225
86
443
112
105
94
91
84
261
82
451
423
96
93
78
99
104
269
94
423
511
92
109
90
87
84
269
118
423
80
431
84
89
78
103
281
98
415
80
308
101
98
411
108
321
102
87
92
109
322
431
427
76
109
91
113
122
91
112
337
102
110
555
435
104
117
98
91
120
385
118
559
116
451
373
118
559
104
129
110
103
108
381
86
411
388
93
90
87
124
389
102
443
128
627
413
122
128
125
142
131
136
433
106
639
432
109
475
429
102
639
104
125
138
143
188
437
130
459
436
463
413
102
455
136
153
142
151
176
421
122
687
428
447
417
114
727
148
145
134
135
172
433
122
523
86
424
121
98
103
94
739
100
129
86
421
106
459
84
93
82
439
180
153
198
427
449
90
451
84
109
102
83
80
425
94
455
412
97
406
87
80
105
262
447
423
96
93
402
107
92
433
126
431
87
85
431
108
105
102
83
76
89
414
411
423
84
101
94
91
84
405
102
459
395
100
89
94
79
76
433
90
423
399
96
93
82
75
72
393
90
383
387
88
365
102
367
84
521
74
99
96
81
74
531
375
84
373
94
795
88
353
82
87
77
347
73
79
454
711
72
348
101
82
403
80
365
77
683
73
370
90
363
92
85
74
351
81
74
759
80
332
77
419
80
79
73
354
675
367
76
353
86
91
96
647
76
97
361
86
359
80
85
350
81
74
659
77
351
86
343
84
77
360
77
335
84
83
77
358
639
80
350
77
74
351
349
78
86
351
331
84
89
84
89
362
331
352
93
86
79
93
354
343
96
85
341
86
340
81
86
91
81
346
333
78
351
96
93
86
107
329
335
318
335
100
105
90
71
117
334
327
316
117
94
87
124
321
102
331
306
87
84
105
100
317
86
331
104
121
326
99
100
317
90
335
80
89
102
307
76
313
86
339
92
321
90
335
85
78
83
84
321
330
343
84
89
310
81
94
313
94
343
92
85
78
91
321
335
317
86
331
84
97
305
86
335
94
87
289
82
88
277
82
351
94
89
298
347
93
99
93
347
289
98
96
105
94
83
88
301
78
371
81
300
89
297
90
371
92
73
90
83
289
90
383
375
301
102
100
117
98
95
100
321
102
391
324
317
98
399
120
129
106
103
108
333
98
399
328
321
118
391
101
122
103
96
325
318
403
116
101
106
95
108
333
90
419
96
105
94
111
132
361
94
100
121
106
103
120
101
410
651
380
443
377
102
415
132
137
134
131
120
393
110
415
388
101
110
135
128
385
150
431
396
419
397
98
431
124
141
122
127
152
409
114
443
424
411
413
102
443
140
125
134
131
164
429
106
447
432
439
116
137
154
147
132
449
122
443
455
433
142
144
145
150
139
160
433
138
439
420
451
421
166
463
148
169
154
151
184
449
158
435
432
455
437
182
443
156
205
158
151
172
453
190
471
456
471
449
182
443
156
209
146
143
160
477
86
218
471
444
463
88
457
134
140
237
126
119
156
533
238
459
104
109
102
95
136
121
462
483
112
523
477
106
783
128
277
134
283
116
473
290
491
472
293
130
553
118
483
268
133
131
128
465
106
511
112
273
106
487
477
106
499
100
269
122
111
176
469
462
523
120
109
210
119
96
489
98
507
628
507
469
210
519
224
253
134
119
92
748
465
210
507
536
519
453
190
523
132
125
146
171
128
525
198
507
452
623
441
354
835
148
225
154
151
176
465
198
487
456
467
541
374
475
144
233
150
143
172
469
218
559
480
82
459
589
234
495
148
261
154
151
176
425
258
583
608
911
425
238
619
140
133
170
163
128
441
258
611
452
78
451
429
534
451
136
253
134
127
156
437
258
567
449
82
110
439
100
253
130
123
100
449
120
471
917
110
447
136
241
126
119
124
465
466
471
140
597
118
499
132
289
158
155
160
485
114
499
128
491
84
245
138
135
156
501
98
503
495
100
265
147
126
103
156
501
118
94
483
495
244
269
98
95
100
493
138
635
483
100
249
118
115
244
497
114
515
483
96
233
94
91
120
485
106
467
78
927
104
245
230
95
120
477
126
607
491
408
121
374
835
256
481
950
603
487
136
273
134
131
152
609
166
535
595
108
289
114
111
152
521
138
515
839
124
313
122
127
152
509
158
499
851
136
329
134
131
164
465
150
503
859
152
337
122
119
168
469
154
503
1119
128
365
150
135
164
501
158
507
1079
473
154
483
172
421
186
151
200
1073
498
879
152
149
402
171
184
513
142
687
136
429
134
151
140
537
122
907
136
453
146
119
184
677
102
567
116
549
110
935
120
493
158
167
232
705
110
583
116
895
124
517
162
271
276
581
118
591
1071
120
541
162
159
272
585
154
595
1039
164
561
174
163
256
585
150
599
82
923
140
581
170
135
260
593
158
599
1055
164
565
230
131
244
593
170
90
599
843
152
557
246
123
268
585
162
623
603
585
138
515
148
589
214
123
236
597
526
138
190
879
160
529
222
131
248
557
567
196
513
118
519
1732
569
158
919
651
120
505
114
175
200
545
122
1147
623
108
533
106
115
144
521
178
1159
531
116
513
130
587
112
537
134
1179
539
120
485
118
115
140
537
146
1207
551
132
485
126
123
160
509
158
1243
531
132
485
146
163
168
525
150
983
531
140
485
158
139
180
509
162
515
907
136
493
158
143
188
2141
162
503
875
140
477
158
139
196
529
158
535
1319
140
473
162
139
216
501
150
515
1303
128
477
142
127
224
485
150
523
1311
120
469
134
119
232
517
146
527
1319
148
497
262
127
276
521
154
527
1343
132
497
158
163
316
541
170
555
1323
160
549
174
159
340
549
178
567
883
152
541
166
151
364
553
166
551
955
548
529
362
895
537
370
539
516
1668
537
1430
1279
1816
585
3066
331
572
869
310
567
256
545
250
1407
240
581
250
287
348
567
122
469
250
145
352
889
148
915
567
138
501
164
141
380
917
144
1291
567
234
661
120
225
376
929
156
1399
567
921
160
1275
266
709
148
145
282
585
702
583
932
1275
577
502
567
290
525
2786
1543
1268
949
742
1267
378
2813
1562
1231
1244
2181
3798
751
1576
259
1230
603
2051
737
260
891
266
439
264
249
262
725
670
875
724
2951
641
444
635
298
495
196
209
190
689
702
947
502
517
853
468
931
210
503
192
145
178
515
874
513
158
139
472
2979
2052
487
2958
943
474
591
1510
1507
1796
881
456
533
462
187
180
177
322
591
376
629
3692
657
845
380
601
222
399
212
201
194
2073
372
867
1973
112
2055
174
415
164
129
158
103
628
2067
626
3199
643
396
481
166
431
152
129
1956
455
412
533
482
513
467
396
481
166
423
176
125
122
455
460
537
134
127
416
3031
2036
1093
108
505
114
351
108
421
102
831
96
869
366
399
104
835
333
92
1783
2133
90
351
116
113
90
511
3110
569
370
91
100
455
372
969
534
3105
324
2123
374
1701
120
577
3367
415
712
477
2236
139
364
121
88
118
1031
372
4631
446
809
459
356
485
138
395
176
169
198
431
424
3383
102
119
360
97
90
485
451
96
489
810
375
96
97
126
779
368
509
442
2861
348
2291
478
753
435
480
1711
2872
127
1914
2347
2324
443
388
525
866
437
427
388
433
88
166
411
164
153
178
419
421
90
103
368
129
2924
343
2486
1767
797
443
108
3347
398
391
2938
2411
286
439
80
421
4241
360
4611
2924
83
470
441
403
100
421
2448
1039
368
325
2428
427
100
681
92
410
413
114
315
100
89
638
2597
316
3359
401
98
339
88
329
86
1909
108
777
441
318
347
96
421
431
112
417
310
102
399
2474
437
946
323
244
257
558
169
425
98
331
104
81
314
411
92
673
429
886
95
272
369
362
399
1648
120
1333
405
86
291
112
105
282
687
100
4963
393
94
259
244
89
387
104
82
381
78
518
1607
1688
441
258
383
284
249
243
592
84
1185
90
239
378
75
80
3059
855
2522
977
94
87
1520
229
250
560
363
232
417
4644
2129
2686
4867
4808
379
124
2471
146
259
104
101
254
395
108
413
102
247
92
89
234
413
1059
100
2871
86
115
243
228
105
218
439
1892
425
2944
275
220
245
98
2219
419
92
2903
90
243
232
129
118
671
412
1337
86
2649
204
449
427
92
1041
114
215
104
741
310
435
208
5151
826
191
1297
447
116
445
106
103
1576
1529
262
443
180
729
623
94
87
180
105
1486
435
172
725
1594
83
88
607
172
4991
1646
83
436
4984
767
1416
169
465
423
2598
1610
179
220
357
5004
111
420
485
321
1054
1891
679
172
96
469
134
112
125
1458
122
88
437
78
135
108
77
122
419
96
449
1961
407
1628
194
103
164
217
114
421
1035
104
82
553
411
104
102
87
92
121
1897
358
407
5150
469
2018
335
104
213
414
1031
124
433
1394
143
112
105
286
445
403
84
98
135
72
81
525
615
1332
1362
417
399
152
114
143
88
181
537
395
84
118
124
5903
118
95
128
1285
150
599
404
513
206
1555
96
4039
122
143
136
149
130
495
108
88
461
122
88
513
94
103
128
117
114
451
112
453
104
765
431
1524
1298
127
236
1237
1218
1753
443
124
98
455
112
469
138
111
96
741
106
111
432
825
1478
991
196
529
431
108
2077
210
135
1536
593
126
467
5462
537
1002
497
447
124
146
155
144
137
178
561
443
120
82
457
1231
88
86
91
120
137
114
467
92
493
102
463
1744
105
1334
467
120
561
110
529
94
103
124
129
342
483
120
1953
545
110
119
132
137
106
687
128
573
3423
110
127
144
141
102
467
148
529
525
106
123
104
101
146
1463
132
501
605
110
143
140
137
134
519
132
1145
525
110
143
108
137
134
499
120
557
525
683
108
102
131
100
97
126
477
463
100
70
477
2215
96
110
329
673
110
79
1348
589
90
475
2196
481
493
106
123
3200
81
1222
451
96
805
457
1578
115
1168
197
466
439
104
84
797
437
70
87
76
93
431
108
777
78
426
1535
1120
429
143
156
261
70
419
96
801
94
387
88
421
403
144
78
83
660
105
486
371
84
821
98
87
5970
2617
814
107
428
429
94
813
1498
95
112
949
182
435
124
453
413
395
124
393
142
147
132
125
2134
2095
120
413
414
797
903
96
429
88
146
127
144
137
178
427
108
1025
834
112
441
431
345
1612
765
130
119
128
125
162
427
90
124
5147
1169
435
116
445
142
155
136
749
350
2519
88
1837
1465
98
87
128
137
774
431
116
6431
124
425
94
87
1143
116
433
3558
83
408
81
463
808
753
362
75
1150
83
425
2706
1099
404
6307
67
92
397
1506
843
124
410
79
144
405
381
119
80
389
382
83
88
373
2674
307
72
297
3422
407
6346
381
369
162
99
148
861
114
371
912
373
1269
110
95
80
105
126
355
92
4307
357
98
95
76
93
607
92
701
1586
350
83
80
2353
786
343
80
173
2263
152
689
90
338
5165
88
341
90
451
80
89
78
87
1344
421
1713
98
91
80
73
78
339
92
341
385
2122
91
88
347
84
349
82
87
337
83
1296
1369
86
83
868
81
1031
76
1753
1298
350
83
1369
78
351
6622
429
92
357
90
83
88
81
359
1440
1265
74
1134
1311
72
369
2658
343
6478
297
633
770
83
832
339
84
341
74
87
1745
719
76
1077
2286
707
844
6436
409
90
347
88
349
86
667
804
81
79
385
698
346
75
92
613
2322
339
6362
125
365
82
71
336
453
343
84
1021
78
454
303
80
585
78
699
263
361
70
75
5482
1789
146
312
337
78
83
299
268
3481
90
79
296
73
199
1977
1298
1275
80
5052
191
304
333
74
301
155
76
677
106
303
80
79
349
1282
1243
84
3565
82
115
312
337
721
82
99
80
105
291
92
349
78
282
87
80
1141
82
263
521
86
155
4020
1273
86
95
272
6747
353
82
95
108
105
78
267
84
761
337
94
91
80
279
104
6435
82
91
281
75
80
349
554
83
264
3206
485
78
87
255
76
457
78
83
252
337
78
71
436
4149
1046
87
244
337
393
82
87
108
239
96
333
74
91
233
87
573
82
8193
216
4126
7725
92
341
81
341
82
87
72
93
215
104
2177
78
206
75
88
337
78
215
3832
545
78
209
2070
91
88
357
82
207
1292
83
76
545
82
79
209
2030
75
333
70
79
884
204
1465
78
193
846
95
349
78
187
1836
79
88
345
82
79
197
2786
79
753
70
79
2312
188
337
82
79
173
2326
95
76
509
1824
341
90
75
96
73
86
199
1768
3777
345
74
95
72
85
94
187
92
473
345
74
95
72
85
94
199
92
2613
1745
187
104
345
106
111
92
101
82
183
1537
594
447
1484
877
382
303
180
98
87
95
612
184
1513
80
89
171
84
90
163
92
95
88
179
84
86
183
80
75
85
176
95
100
90
103
200
361
357
199
120
461
122
127
120
117
490
114
215
100
1657
210
107
100
97
138
195
88
493
86
103
112
93
94
215
100
497
202
99
92
85
90
99
216
393
98
171
397
231
108
397
110
135
124
113
130
275
120
433
425
291
140
425
142
143
148
133
142
303
777
104
449
86
282
87
292
102
159
136
149
118
107
300
473
298
477
279
92
469
126
119
108
97
94
154
95
328
473
310
461
339
92
429
154
94
135
144
189
134
351
108
505
334
493
347
152
473
146
135
144
141
166
375
337
380
481
142
415
104
473
345
118
143
148
169
162
427
100
469
437
138
115
120
113
170
463
128
445
445
86
139
104
97
138
419
116
413
433
102
147
100
109
98
411
92
465
405
170
123
244
233
198
399
92
441
433
102
139
88
125
78
411
100
389
409
98
139
112
125
74
439
92
397
405
98
123
112
85
78
423
92
389
433
98
123
112
85
78
371
92
369
705
98
123
112
77
98
463
92
365
693
94
71
68
93
343
88
389
126
354
99
84
681
82
335
123
341
82
531
396
405
107
344
745
86
107
92
518
71
365
98
353
75
92
669
106
339
83
76
369
79
344
112
697
78
75
437
111
76
365
79
348
112
665
78
374
103
365
78
109
75
348
649
365
74
483
88
93
102
669
86
79
100
97
363
80
353
82
79
718
91
80
633
79
360
87
393
75
82
376
345
86
75
365
83
72
945
87
352
349
86
362
95
76
351
329
98
87
80
113
355
88
338
333
333
94
107
84
90
111
100
329
329
323
72
86
79
68
101
343
87
106
367
353
98
107
328
357
94
83
80
93
314
311
72
70
95
84
89
327
90
90
79
104
74
343
108
381
342
335
100
361
122
119
104
101
118
351
96
373
78
95
76
93
94
347
108
377
86
95
351
96
114
87
348
81
111
82
373
78
75
84
103
352
82
335
357
99
84
86
80
335
369
82
101
91
356
377
86
91
80
349
80
343
84
365
82
95
351
68
88
81
87
344
80
373
339
84
78
75
385
347
86
83
77
353
343
76
82
617
383
76
70
83
373
347
88
74
613
339
76
86
345
427
96
357
102
87
92
347
108
369
114
113
106
335
112
385
345
122
119
104
339
96
94
105
94
343
68
381
138
147
88
335
88
82
393
86
335
80
82
87
100
331
385
94
79
73
327
92
78
79
320
393
74
79
75
308
70
89
332
405
405
343
108
397
130
127
112
109
106
351
92
417
358
91
96
89
82
115
348
425
346
425
351
96
657
94
87
80
105
74
343
661
80
363
84
413
118
111
124
97
94
399
104
421
102
359
104
433
110
115
132
109
110
383
100
437
110
391
96
449
110
123
136
141
142
415
100
465
114
415
108
477
118
111
168
157
150
431
116
106
431
76
113
98
91
124
497
454
95
84
437
182
87
92
505
80
158
495
160
481
106
111
172
157
134
505
475
96
489
102
127
100
97
130
479
448
481
102
119
112
101
106
459
108
505
458
489
451
88
773
130
123
128
117
174
451
112
501
459
108
501
114
103
120
113
146
99
468
489
470
513
435
118
128
469
134
163
136
117
106
447
120
505
406
107
457
403
116
433
110
123
116
97
102
567
108
769
430
111
529
439
144
122
127
124
197
110
447
132
477
126
469
114
147
112
109
138
447
108
465
437
411
104
465
110
159
104
137
138
451
160
561
466
453
463
112
729
150
143
120
117
114
447
480
473
118
111
124
105
106
435
200
485
102
119
104
117
230
483
88
485
94
88
111
467
112
160
497
154
111
152
229
206
509
483
104
485
102
127
100
121
118
495
88
481
467
92
489
114
83
112
89
575
96
489
142
147
188
181
82
491
100
469
483
104
457
94
459
100
96
1037
458
111
116
133
98
487
485
527
124
84
88
477
138
131
136
125
122
479
517
86
79
92
107
484
501
106
87
72
481
90
87
136
513
80
94
87
100
605
446
103
92
489
98
95
88
589
434
87
96
525
329
102
419
88
489
102
111
88
85
98
83
400
525
78
79
396
477
70
79
591
453
946
83
524
921
82
403
96
445
74
79
72
87
576
449
74
79
820
485
1110
743
76
457
78
363
445
90
443
76
81
90
371
88
437
78
87
364
441
78
75
416
437
78
371
100
75
316
433
74
79
84
381
75
320
397
70
79
390
311
769
79
364
303
96
1229
70
79
293
87
304
365
74
83
361
70
79
328
91
80
1177
79
325
76
341
78
318
881
80
95
312
341
91
1081
94
87
80
95
300
92
665
82
79
297
75
80
1825
78
292
270
78
91
84
85
353
271
89
92
673
90
95
260
77
91
96
369
266
95
103
100
98
80
89
417
102
75
88
377
90
275
88
83
260
373
98
79
72
89
255
104
417
86
91
270
91
256
393
102
271
96
130
115
120
129
413
114
283
100
633
270
103
108
89
90
279
92
417
377
291
108
417
130
123
116
125
122
311
108
593
290
91
268
77
106
397
259
88
569
86
103
100
97
114
255
80
76
557
75
270
88
393
275
78
75
72
92
295
397
466
284
90
81
91
292
393
90
291
291
76
401
94
107
80
88
93
291
304
433
104
101
99
417
94
87
104
93
86
79
336
88
393
319
88
381
94
99
303
76
365
88
97
303
84
377
78
295
809
99
76
96
299
100
413
86
107
104
317
103
100
529
405
114
103
100
85
337
326
99
104
429
102
303
96
441
110
123
120
109
114
315
92
449
106
331
92
453
102
115
136
125
142
371
120
493
489
150
131
140
145
126
399
140
497
386
111
108
121
337
114
383
88
505
154
383
112
753
118
111
128
157
146
497
94
115
100
121
118
435
132
529
443
116
529
130
155
200
169
182
459
432
725
122
451
337
100
725
106
139
136
177
198
483
100
545
126
123
80
553
102
123
112
129
186
507
108
545
88
553
122
167
120
165
102
527
132
533
789
515
116
541
134
191
132
161
90
122
539
160
801
345
534
517
110
103
108
129
142
507
140
573
569
94
115
120
89
82
503
104
473
805
90
107
88
575
100
485
78
375
473
343
92
453
438
79
520
89
406
75
96
457
509
98
95
108
365
86
443
688
425
449
82
119
104
93
74
403
100
813
409
94
387
112
833
82
367
80
413
91
112
405
74
79
404
370
95
88
357
606
371
88
653
407
84
369
78
91
72
354
407
88
425
82
371
80
293
790
167
356
865
373
82
95
72
365
398
347
92
733
337
86
95
76
73
326
743
96
701
841
90
95
84
73
190
843
92
713
641
82
95
76
73
174
355
92
737
357
90
95
76
73
142
343
92
653
357
98
75
96
73
118
95
408
1081
865
82
91
343
100
341
78
83
316
93
79
76
601
318
75
80
341
318
78
84
609
87
953
94
87
80
85
95
324
605
78
326
79
641
82
81
324
1105
323
85
91
521
78
71
94
87
324
617
83
324
83
465
83
82
324
605
82
87
313
95
72
449
79
320
605
86
315
100
745
86
91
84
77
613
82
79
311
80
341
78
308
729
402
251
376
337
174
95
312
287
88
155
296
87
76
90
299
82
92
593
98
111
77
86
283
78
88
353
94
283
84
77
91
104
298
91
92
365
294
79
84
99
296
90
85
274
83
78
88
270
239
84
95
86
84
357
665
86
190
234
243
96
74
95
80
85
90
83
228
625
90
87
84
223
88
373
94
88
229
87
357
88
385
214
103
100
91
216
94
89
116
206
87
184
409
98
95
212
585
110
107
100
205
95
188
385
106
114
187
112
401
110
127
108
105
90
195
537
104
421
102
87
421
223
84
98
107
92
125
94
219
80
178
223
84
90
83
425
215
88
78
83
227
84
82
397
215
88
82
345
79
240
90
76
86
243
80
413
78
87
92
95
236
417
90
405
251
104
429
118
127
112
109
118
279
284
437
118
283
96
453
90
135
120
121
106
303
104
477
106
111
104
105
307
92
585
98
76
119
124
237
114
114
107
324
509
497
118
131
104
97
98
335
148
84
525
493
114
111
96
93
74
327
124
485
477
345
90
103
88
317
323
100
485
90
86
493
86
79
339
88
493
90
79
324
79
393
337
194
79
92
493
94
87
348
85
83
501
78
291
236
75
312
92
76
477
313
86
75
481
81
86
320
481
441
86
91
343
100
401
82
87
348
93
83
76
609
441
78
87
372
93
74
87
68
597
385
98
91
359
88
597
74
87
340
81
95
88
349
78
346
79
68
349
347
91
68
341
338
79
76
561
441
82
355
80
97
90
79
76
449
343
76
569
86
95
84
501
78
331
76
288
345
98
107
340
82
95
581
86
79
87
340
353
70
79
320
95
300
353
91
275
86
92
353
90
99
84
287
92
497
633
94
87
92
85
271
84
365
78
254
75
80
353
219
74
84
88
345
220
357
86
91
235
88
216
74
79
93
75
76
377
83
216
104
361
90
95
84
205
86
115
100
653
226
99
96
93
90
223
96
397
102
231
120
409
114
119
124
109
114
243
104
409
247
116
417
138
119
132
125
122
251
236
429
114
103
96
125
118
247
84
633
98
103
124
109
102
239
92
445
94
115
100
109
94
102
267
84
274
259
76
106
103
92
97
255
88
477
102
98
477
86
99
92
109
94
299
88
116
593
302
83
96
91
84
453
85
82
315
84
78
351
88
445
87
72
70
79
336
445
327
76
437
94
87
339
84
593
80
323
90
89
307
80
477
106
95
88
81
311
88
429
286
79
87
80
421
288
79
88
405
803
92
277
385
283
84
393
90
119
108
97
90
287
92
393
393
295
120
373
118
123
124
117
114
323
100
609
88
314
401
98
111
80
93
86
319
100
393
291
76
90
71
88
385
307
104
401
154
323
124
1401
405
126
139
132
121
114
343
104
409
331
140
134
123
128
133
154
319
96
417
94
79
88
85
130
347
124
417
122
87
376
441
122
119
128
113
106
403
100
445
87
421
126
123
112
105
198
175
412
88
473
453
102
123
100
121
130
427
116
657
90
431
104
425
94
103
88
85
130
521
443
92
457
102
115
128
125
122
459
448
465
178
463
104
473
118
151
340
309
106
91
468
741
126
479
128
501
134
163
180
177
174
507
96
505
126
497
515
88
86
171
144
141
158
485
495
192
485
94
91
176
113
150
479
468
501
122
107
212
105
342
631
104
817
258
499
92
553
114
263
260
157
282
507
124
857
142
561
126
271
152
137
158
551
128
893
573
150
291
120
125
146
551
172
533
86
267
116
113
270
543
116
605
713
118
299
268
97
94
563
136
545
753
262
307
104
89
86
547
124
581
549
278
283
96
93
90
515
124
513
565
274
303
520
97
458
515
132
337
517
525
106
307
120
137
294
647
116
769
653
547
96
94
303
92
125
122
521
90
84
487
268
921
337
110
599
487
280
489
90
284
89
174
1073
626
87
700
681
1158
435
184
473
905
86
315
100
97
290
435
108
453
933
266
295
88
423
112
445
262
79
569
103
608
957
126
79
400
89
602
251
80
429
1025
86
255
80
245
582
847
96
421
1017
94
99
88
245
526
371
568
393
80
805
94
219
104
93
206
355
104
381
78
85
357
98
95
172
501
202
347
544
349
825
90
95
84
153
518
803
524
921
88
709
82
175
120
421
82
343
92
377
701
78
339
128
341
90
427
72
89
106
83
436
397
425
298
95
336
343
96
853
78
83
341
247
76
889
70
91
344
175
665
90
739
80
557
798
127
344
529
645
78
91
108
101
130
791
92
809
821
82
95
100
339
84
341
78
321
79
1077
82
327
508
749
1046
743
92
445
621
94
91
108
101
331
88
801
338
83
76
613
562
713
78
87
383
448
1313
90
356
429
91
76
625
82
343
390
79
68
341
352
357
75
337
322
283
84
1105
90
87
84
323
84
341
74
91
325
87
72
617
79
312
341
82
75
334
91
76
613
78
304
79
68
341
295
91
72
1033
302
87
79
68
341
605
82
91
332
89
83
76
341
74
326
95
72
1273
70
287
91
349
70
85
288
333
92
913
267
100
341
106
103
96
85
259
76
753
650
427
412
437
246
87
76
518
511
704
353
90
95
228
85
333
418
392
86
83
196
103
220
70
81
337
87
200
329
86
179
71
80
77
96
321
191
80
325
86
76
74
163
68
83
178
75
72
349
183
329
87
159
78
76
89
72
325
147
78
80
131
78
75
76
135
88
525
111
86
83
68
325
103
96
649
99
78
83
80
405
103
82
75
76
393
349
99
80
341
345
90
87
84
113
102
341
86
95
115
88
84
337
82
79
96
75
96
337
86
80
93
88
83
75
345
76
1193
94
85
96
337
92
333
94
79
84
103
100
349
106
99
96
114
99
104
357
114
109
107
96
373
122
111
100
98
377
106
103
88
85
1194
932
102
139
116
397
397
143
116
393
122
135
116
113
110
103
164
413
170
87
100
85
102
163
136
417
158
87
417
192
102
95
124
109
110
99
204
206
99
96
89
114
203
92
433
206
103
108
97
94
211
100
449
905
239
120
437
110
119
108
101
98
251
80
437
259
76
421
94
103
77
247
90
80
465
255
76
457
94
107
85
102
271
260
413
82
87
96
401
263
84
413
90
103
108
81
94
271
84
489
266
95
88
253
87
92
345
441
70
95
92
81
91
276
90
437
78
83
286
75
80
413
82
81
296
433
82
79
312
91
80
409
79
85
78
308
289
78
397
299
81
95
92
389
283
70
87
80
361
279
81
96
275
373
276
85
114
111
84
109
90
103
296
389
274
99
96
89
86
381
263
84
385
102
115
112
101
98
275
96
385
270
87
84
97
78
287
92
98
95
84
77
90
103
300
307
329
108
94
103
108
101
82
102
99
284
86
91
104
97
271
88
369
82
90
83
272
251
96
94
83
90
252
381
126
90
101
255
92
381
226
75
87
104
80
405
88
81
75
329
76
88
381
82
79
79
84
369
82
171
80
78
361
163
84
357
90
79
151
80
88
349
139
88
106
95
80
139
84
381
90
95
137
91
132
593
106
91
104
142
111
92
86
381
114
87
109
99
98
112
365
98
83
104
93
98
111
84
88
78
87
88
92
389
78
87
104
389
94
87
84
77
90
111
104
529
94
99
88
95
76
521
82
93
74
83
71
80
509
83
80
393
82
79
79
76
393
85
385
506
84
74
86
87
76
385
74
79
92
393
83
88
381
94
91
87
84
381
82
79
88
67
80
417
405
100
89
86
91
92
381
106
115
88
381
87
104
110
103
100
97
102
99
92
401
114
91
96
85
98
123
92
397
130
95
100
93
94
123
793
100
405
118
95
104
93
76
83
94
91
108
413
90
99
88
85
83
76
413
87
84
82
87
72
421
86
87
76
90
79
72
417
98
87
80
79
80
421
85
90
87
425
80
90
95
80
73
91
76
87
437
76
86
95
417
88
425
102
91
80
77
91
88
437
86
71
80
409
87
79
393
95
80
369
94
99
108
83
88
349
86
79
95
80
345
82
83
88
361
94
99
80
95
92
457
74
85
82
79
75
80
357
75
88
365
83
108
365
114
95
80
85
91
76
353
345
93
80
98
75
369
122
119
104
109
86
104
373
82
87
72
65
95
92
361
75
76
98
71
87
84
365
64
78
87
80
365
75
69
78
361
75
92
365
87
82
79
76
365
79
92
361
94
79
92
75
92
90
87
87
92
353
381
94
92
89
87
84
381
78
87
95
80
377
86
83
80
401
82
79
79
76
393
82
71
373
78
87
96
373
86
83
83
76
361
74
79
87
68
361
82
88
361
87
84
417
82
91
80
77
353
79
91
88
357
86
71
84
83
80
82
80
345
85
82
91
80
353
86
91
76
87
84
361
94
79
77
79
84
345
86
87
80
345
82
79
76
75
349
73
88
341
84
92
91
84
353
98
83
92
81
79
80
353
75
68
87
88
349
75
86
80
349
83
74
385
91
75
100
353
90
79
84
83
96
79
84
341
82
81
71
84
349
79
86
76
337
75
88
325
79
94
87
87
92
349
94
79
100
97
95
100
345
106
103
92
101
99
100
365
86
79
92
87
88
357
88
81
79
84
365
78
71
88
377
373
70
95
88
79
84
377
70
80
85
71
385
79
96
373
78
75
90
87
72
377
78
75
373
96
369
76
365
106
103
100
93
78
87
84
377
377
78
87
76
93
99
104
369
74
83
80
102
75
108
361
87
90
104
365
94
107
105
102
111
385
104
369
110
95
104
93
110
119
96
385
94
115
92
113
114
111
92
393
90
111
96
101
118
99
136
99
92
401
106
99
96
125
90
103
92
413
94
99
108
81
91
88
78
78
75
91
76
425
78
76
75
437
138
199
84
437
90
83
88
73
79
84
429
78
83
96
88
75
92
425
98
107
88
95
84
81
87
84
421
78
91
76
87
405
86
79
88
389
93
87
84
357
78
91
84
79
76
381
82
71
357
78
87
96
369
86
92
87
80
345
337
98
95
84
89
102
79
84
481
102
107
88
85
95
80
369
353
86
91
112
97
90
119
84
369
102
115
80
85
102
111
96
369
377
98
95
116
89
94
103
124
389
115
108
389
114
123
112
105
106
143
100
405
397
110
103
108
97
98
103
176
397
86
95
100
77
94
179
124
421
94
79
88
183
104
413
78
181
75
68
171
87
405
90
80
86
79
216
409
405
94
107
100
81
74
223
108
397
421
82
87
72
93
235
92
397
78
238
361
83
240
96
417
82
79
248
465
82
227
88
393
87
239
96
453
86
92
141
186
235
88
373
95
223
84
449
102
231
84
449
99
108
85
223
76
461
106
365
377
90
215
76
81
90
87
76
377
222
75
84
83
212
83
199
76
82
87
381
207
80
74
369
195
80
78
501
87
192
78
397
353
78
163
92
349
90
155
72
81
341
79
95
164
441
82
79
154
95
345
79
74
168
341
82
79
152
75
341
74
80
168
333
82
79
153
75
156
341
95
164
118
159
112
341
106
103
88
101
401
183
92
90
369
126
139
116
133
122
191
180
381
110
171
92
397
114
139
160
129
138
191
100
401
102
99
96
89
118
191
104
425
76
187
385
112
425
146
147
132
125
118
122
239
90
112
77
441
242
111
128
109
98
251
100
429
102
87
92
85
86
271
112
263
96
98
95
92
81
122
75
260
445
94
91
240
103
276
473
94
117
134
295
112
477
122
139
120
97
106
87
328
505
122
505
98
95
88
133
162
347
86
112
533
86
493
343
385
86
96
469
122
119
104
97
114
91
324
569
485
106
87
92
85
82
307
100
461
593
78
95
76
93
307
92
461
78
294
87
68
445
74
279
84
91
76
437
78
289
79
68
605
441
74
91
325
82
421
86
79
100
331
88
429
82
349
83
76
409
397
86
355
84
97
82
453
70
83
88
109
371
80
617
82
378
79
545
388
341
90
83
100
89
415
84
589
74
79
370
369
79
87
400
569
78
360
87
341
82
80
376
345
70
395
83
80
337
82
388
79
465
178
339
92
152
357
93
357
82
103
76
101
319
100
341
290
87
76
86
75
80
353
91
296
75
80
345
79
78
80
75
82
280
95
276
349
84
83
78
88
341
83
82
84
91
84
276
349
98
71
84
69
83
272
267
92
349
90
267
88
341
83
279
92
345
86
84
287
84
341
79
283
84
593
78
283
96
349
87
72
78
83
292
549
83
283
80
337
90
291
88
545
83
296
541
84
287
104
100
292
361
122
119
96
109
98
123
312
569
90
299
112
577
110
103
108
89
94
369
307
92
365
114
123
108
121
110
327
104
389
385
98
111
108
93
86
315
120
385
393
82
99
92
89
307
108
385
82
302
103
100
381
94
307
84
89
126
111
316
397
323
116
417
114
123
120
105
110
327
340
409
122
119
96
101
114
111
356
429
617
347
116
441
118
123
116
113
110
347
100
397
114
358
389
371
92
617
150
135
144
125
134
387
380
445
126
131
415
104
645
110
103
136
133
174
419
100
421
98
127
411
100
437
418
143
104
149
138
427
112
569
110
111
423
152
497
102
123
148
129
122
451
100
497
106
127
443
108
509
106
127
104
133
166
487
92
513
98
155
128
97
122
495
92
533
110
143
108
97
134
503
118
168
541
130
107
260
345
125
390
833
94
135
92
89
114
539
104
541
601
98
155
96
113
94
511
92
561
549
114
99
108
149
138
523
176
521
517
82
135
112
105
126
499
100
557
513
106
123
80
141
78
475
100
497
80
461
98
523
128
126
501
86
451
111
88
437
78
91
464
89
167
76
465
90
75
438
87
409
82
531
572
81
67
452
397
690
655
465
98
87
92
81
87
560
389
90
418
111
100
801
99
825
427
92
106
123
92
101
98
387
72
829
94
91
325
488
457
102
95
424
93
90
111
100
845
106
419
108
449
110
119
124
117
114
451
100
905
118
469
519
96
106
123
96
121
122
451
76
849
86
83
100
105
130
467
84
485
282
435
104
493
178
131
156
141
182
463
112
493
118
443
100
1049
106
123
136
129
170
873
118
111
144
141
102
475
120
549
594
496
533
487
124
142
131
140
121
230
507
484
569
118
115
100
113
114
463
100
573
94
119
108
117
154
447
76
537
459
160
853
258
119
248
241
214
487
112
537
479
88
116
136
565
130
127
108
189
98
467
537
451
132
517
210
127
116
413
122
527
88
857
697
697
478
467
248
925
115
162
131
144
121
91
122
511
108
541
126
88
521
483
272
541
138
119
136
133
138
471
108
501
602
845
471
304
493
158
127
164
113
154
491
116
497
462
525
607
112
521
138
127
136
133
162
459
124
465
470
453
451
329
112
96
857
126
143
160
153
214
615
100
95
108
473
481
459
116
457
110
135
152
165
294
479
469
459
92
605
126
111
140
89
146
463
548
461
466
88
461
443
100
405
162
119
156
141
130
407
425
459
112
86
95
421
415
84
82
79
76
345
417
86
71
308
435
144
421
90
123
401
199
76
409
98
75
408
75
381
82
387
80
185
326
295
504
433
661
98
91
395
144
373
250
87
460
85
99
68
733
194
370
91
76
122
697
82
387
79
76
373
74
352
143
76
1041
78
507
75
365
138
83
148
781
919
512
689
78
366
91
76
409
78
359
92
79
76
365
337
87
72
353
714
79
681
81
86
392
393
91
349
98
91
88
339
84
817
78
83
789
91
345
79
344
92
653
70
83
354
95
80
517
82
336
625
353
341
345
126
345
665
126
353
361
341
349
222
439
200
193
422
559
220
753
287
188
174
187
180
169
166
721
234
84
310
372
629
353
126
291
160
121
158
315
128
80
341
122
95
108
133
194
275
140
349
90
151
148
81
98
271
116
341
345
287
92
126
103
92
85
170
83
296
353
86
83
124
83
701
316
613
78
87
220
325
131
200
601
106
87
92
77
338
135
76
593
597
86
83
347
116
589
82
91
356
115
76
597
601
82
87
380
109
94
493
126
395
92
441
90
463
88
113
79
72
429
422
75
585
358
112
86
71
84
405
91
425
115
76
557
362
79
79
365
86
364
74
88
565
70
361
99
633
78
95
95
408
441
78
91
352
89
79
72
473
337
78
398
79
337
78
392
609
87
94
341
98
91
72
85
355
92
557
310
79
353
98
72
85
356
345
78
91
315
88
337
82
79
316
365
78
83
88
303
80
497
309
341
94
92
82
87
304
349
78
291
88
79
276
82
80
88
85
284
345
86
76
74
87
296
329
90
291
87
86
283
76
82
87
284
82
81
291
76
82
609
83
279
76
70
337
291
79
82
75
276
341
275
80
86
99
80
287
88
353
114
103
88
97
86
307
104
361
110
283
84
98
95
108
85
82
361
311
96
365
106
99
96
89
122
319
332
106
311
100
97
102
319
96
381
102
91
88
335
120
381
102
127
108
101
106
343
96
393
346
99
92
105
98
83
355
104
338
95
92
73
90
331
96
433
322
95
100
89
90
95
340
429
342
95
92
89
90
339
96
441
334
621
339
104
445
106
127
96
93
98
347
100
457
342
95
92
109
98
323
92
457
346
91
100
113
94
351
100
465
350
91
473
343
104
461
118
131
104
97
102
355
100
489
370
99
88
109
106
359
92
485
94
107
92
101
98
371
96
485
94
111
100
93
98
399
100
485
94
107
100
93
385
98
415
96
509
86
103
100
97
122
111
428
481
422
95
104
101
122
431
412
477
106
103
100
129
126
431
88
505
94
127
72
95
96
517
115
466
91
113
110
459
104
521
98
107
104
97
130
467
104
513
106
111
108
113
114
487
116
541
110
123
120
101
541
511
128
561
134
119
148
113
114
119
523
100
581
530
503
100
585
158
139
124
113
114
511
100
593
102
503
88
597
170
187
104
101
98
573
503
100
90
573
114
131
128
137
90
134
115
476
537
118
118
537
106
511
108
96
557
114
203
228
153
158
491
565
118
103
80
145
99
492
553
474
95
488
553
111
102
115
433
116
105
82
103
184
613
514
119
81
479
92
549
90
131
88
81
114
467
76
901
525
106
99
272
93
90
467
425
144
509
529
94
111
104
117
86
459
104
509
473
98
95
88
443
116
485
74
91
517
91
84
585
138
79
580
73
126
79
88
825
529
90
435
100
485
94
383
80
93
86
75
80
421
397
90
487
92
88
481
78
375
84
79
345
76
785
458
451
92
397
190
87
376
389
78
91
76
85
75
436
689
74
79
156
525
75
672
457
70
87
356
441
82
81
76
749
78
83
385
86
371
84
833
90
347
84
81
357
82
350
79
92
349
94
451
83
80
413
86
83
336
701
78
83
339
80
361
78
83
332
341
78
84
91
332
653
78
87
321
95
76
349
79
320
80
721
82
79
310
341
82
77
91
308
625
74
316
87
76
621
78
315
79
72
308
601
83
80
293
337
287
84
98
75
80
333
279
80
291
92
333
279
90
103
96
82
95
280
357
349
106
103
100
97
94
311
136
345
106
103
96
93
98
323
120
365
310
131
119
128
117
114
323
112
381
126
323
377
106
111
124
121
134
343
104
323
104
389
110
127
116
97
94
331
96
397
401
106
115
100
97
401
98
331
116
409
347
409
124
122
119
104
97
94
375
92
421
218
110
433
102
99
92
89
98
379
377
128
641
441
202
107
96
149
88
126
379
120
661
433
94
119
92
89
86
387
140
453
453
90
111
88
81
118
427
124
461
693
218
115
100
213
202
459
116
461
369
117
445
110
135
128
149
118
491
144
733
517
88
126
151
144
157
118
495
144
741
501
122
151
120
117
146
511
119
140
705
509
126
131
140
105
106
523
132
501
797
623
84
124
517
134
123
108
105
102
499
96
112
785
490
419
88
413
350
99
84
509
79
328
793
106
399
384
357
114
91
108
477
102
395
516
117
110
623
104
849
102
111
100
97
150
99
608
525
410
115
112
105
150
483
88
889
118
111
108
105
106
475
104
553
110
103
100
105
102
499
84
897
86
103
112
85
102
527
100
565
478
933
463
508
549
178
127
136
118
533
254
475
112
933
462
533
451
552
901
150
111
136
125
118
435
108
509
775
100
945
106
87
104
101
138
103
872
877
96
102
95
112
109
94
877
94
87
80
73
638
467
96
861
897
439
104
869
102
659
108
149
114
463
108
477
450
115
325
513
106
111
120
117
146
435
624
477
417
86
135
84
113
106
403
96
829
433
86
103
72
101
419
100
401
78
394
95
648
413
78
451
164
549
95
409
642
531
88
758
495
412
397
90
83
476
405
91
917
82
867
1216
89
782
863
384
757
457
378
95
92
81
86
387
104
357
1353
94
99
92
89
198
895
108
401
365
102
95
100
93
154
383
92
377
365
86
99
96
109
78
119
375
168
1105
381
110
119
124
109
110
427
136
709
369
967
116
373
142
147
136
121
126
383
104
1113
394
397
387
96
857
134
127
164
153
88
214
403
112
725
414
785
599
100
441
142
127
120
117
170
431
100
873
422
577
431
100
721
130
127
160
153
198
435
112
553
446
1269
435
112
457
142
127
136
133
182
459
108
717
454
497
455
96
717
96
134
127
132
169
162
447
101
92
465
446
429
515
92
441
110
115
152
177
278
439
108
453
446
103
453
427
96
453
94
127
144
173
246
555
108
465
438
103
421
519
96
441
110
127
132
113
106
443
96
457
446
99
471
116
453
118
107
124
213
174
439
96
493
102
127
120
469
467
92
445
114
119
104
133
154
751
100
505
462
473
459
100
461
194
127
136
149
774
687
112
469
462
393
649
150
111
128
121
158
467
112
465
465
82
123
112
105
98
459
124
473
461
98
107
80
305
182
435
92
493
465
98
107
92
97
427
92
429
78
422
163
92
437
114
963
80
197
94
163
92
633
417
142
95
92
85
1058
395
920
373
409
102
99
92
97
375
92
665
82
382
91
132
405
114
387
80
89
95
76
373
70
386
83
385
90
1959
956
885
360
373
86
79
84
371
96
873
78
83
1093
357
78
379
1708
430
91
348
737
90
83
88
705
75
361
90
195
80
1646
79
348
705
78
333
337
86
1587
80
941
1210
95
456
529
341
106
99
76
89
351
84
693
70
346
91
369
90
347
1644
77
1151
88
733
78
338
87
80
345
74
419
87
349
78
71
1644
328
2689
82
321
1206
95
84
2273
1019
353
332
1030
341
110
107
96
89
94
335
1016
1137
353
86
99
80
93
315
116
649
78
298
87
76
337
78
299
1004
79
473
86
75
84
1013
312
333
70
306
91
80
673
82
303
79
337
78
83
996
113
300
1249
78
75
298
91
76
341
78
83
308
901
333
90
83
934
91
304
1913
78
91
308
941
79
88
1017
294
481
86
95
85
95
304
274
540
357
318
79
88
313
95
80
357
78
74
319
96
385
94
83
95
328
593
94
83
332
77
103
84
357
78
83
83
80
1321
74
83
80
75
308
70
80
312
349
325
86
78
95
72
87
72
1273
305
78
79
66
308
1249
90
88
77
87
312
303
84
78
87
76
93
74
323
373
319
104
94
103
88
85
94
79
381
311
100
377
86
99
100
97
114
95
316
373
98
307
100
89
365
303
84
605
110
107
104
93
110
323
300
625
106
103
92
97
90
295
84
90
115
100
113
118
311
104
417
314
107
311
96
417
110
131
112
109
126
339
108
421
110
135
340
117
110
103
340
413
326
107
319
92
120
117
110
323
108
653
114
115
316
87
316
413
102
131
128
141
98
307
104
433
310
319
104
417
138
127
132
121
114
331
108
429
342
111
100
89
106
351
128
429
94
115
108
109
98
347
92
453
82
115
100
97
118
99
368
469
358
107
120
113
98
375
84
513
114
131
116
395
88
473
94
107
117
102
411
96
493
102
111
100
97
94
493
78
95
92
429
427
120
533
122
102
585
102
99
136
97
102
475
82
140
537
549
110
131
128
125
122
499
140
529
573
106
135
112
105
138
503
124
549
80
553
110
127
108
89
86
515
140
553
525
98
107
120
113
94
511
116
509
477
467
120
477
114
127
112
141
146
467
452
485
110
99
96
125
329
138
471
104
521
102
123
112
97
118
467
120
533
266
103
220
169
126
507
96
489
102
131
128
125
126
503
100
509
94
127
108
105
98
103
468
529
122
131
104
101
106
487
100
905
194
139
100
109
114
499
108
573
114
127
112
97
114
503
104
925
102
115
88
101
98
483
88
569
483
108
941
154
115
96
81
78
467
112
533
475
100
985
98
115
132
105
110
487
896
569
502
115
929
679
140
541
130
127
136
113
118
499
120
553
722
553
487
112
573
126
119
152
149
146
451
112
529
435
116
501
110
123
108
105
158
95
444
873
110
163
132
149
114
471
100
573
102
159
96
157
138
99
444
505
866
497
427
144
457
146
163
140
173
82
142
443
156
457
430
445
423
160
1329
142
183
168
161
130
439
176
469
434
469
451
152
513
150
183
136
109
134
463
172
437
419
108
449
110
187
108
105
138
95
444
489
462
445
98
419
144
126
119
188
173
126
511
156
1353
78
909
435
80
441
110
187
96
587
181
84
96
429
414
899
184
362
91
481
82
79
96
149
126
215
456
537
433
455
128
477
130
243
144
209
126
447
216
485
454
437
423
212
437
134
227
128
133
154
503
204
445
443
116
437
98
95
120
145
226
447
420
1173
194
90
171
236
157
230
511
108
509
102
215
453
435
116
545
130
259
120
165
150
459
432
469
126
437
102
139
160
157
146
459
268
1281
76
541
118
279
176
169
258
487
148
585
118
841
110
267
104
101
154
623
136
509
485
110
283
140
137
270
519
132
533
501
114
291
112
109
146
499
132
485
1753
142
303
136
281
106
631
124
513
513
106
287
104
101
130
535
132
533
673
102
315
136
129
294
527
132
665
545
110
311
104
137
142
667
132
565
1089
483
96
94
323
92
129
122
517
511
304
865
126
103
308
97
126
519
640
517
110
877
306
327
112
325
90
479
112
517
865
118
323
124
317
114
527
136
541
873
126
343
124
137
154
495
144
525
909
126
375
132
129
170
543
156
541
913
487
140
126
371
120
109
142
517
507
332
909
122
103
332
97
110
495
684
525
330
715
88
293
822
901
467
108
493
110
98
363
112
109
98
715
88
477
126
1674
501
991
352
469
802
859
136
133
130
507
484
977
110
107
869
483
100
98
359
120
145
150
477
475
368
74
1009
487
124
493
106
123
120
405
822
483
712
861
158
811
104
229
154
495
112
525
110
423
104
101
130
719
92
1069
98
451
120
117
106
499
104
533
94
435
428
121
98
91
736
485
521
206
431
188
121
88
122
1223
144
1201
517
114
459
116
113
134
735
156
2377
501
110
435
104
133
138
491
140
1553
765
118
451
112
105
150
751
156
517
553
110
447
104
88
153
150
483
148
537
505
114
451
120
153
154
527
148
549
577
130
463
128
125
158
543
148
897
541
142
467
136
129
158
615
164
861
917
134
471
152
141
174
515
160
1321
905
150
495
168
113
182
559
164
573
1649
142
531
140
121
194
507
164
565
1665
130
507
112
105
158
543
164
557
917
110
527
144
137
502
507
132
565
1689
114
531
136
141
498
507
124
549
929
114
531
112
133
138
539
140
549
1245
110
531
152
145
522
567
148
581
969
118
551
124
117
158
567
148
577
1261
126
523
120
117
88
154
571
156
557
1261
110
519
104
145
150
551
148
557
1261
118
527
116
121
166
563
148
573
1277
134
547
156
145
170
539
192
581
1309
154
555
152
145
182
547
200
573
1277
150
523
168
149
182
539
176
597
1305
142
523
160
141
198
539
168
581
1305
190
531
136
129
230
587
176
597
1329
542
551
2148
1309
1302
595
212
601
1369
1106
531
1180
1101
1494
539
2144
597
1377
234
567
240
233
258
579
260
593
1377
182
535
156
149
266
579
188
605
977
178
567
160
145
174
579
188
593
961
158
575
544
2301
1214
575
196
589
1373
1246
591
700
973
854
587
2320
581
977
210
575
220
217
238
571
244
561
1389
154
511
140
145
178
2559
176
645
1365
146
467
172
157
178
1703
160
625
1365
2394
487
1388
829
506
639
492
665
1357
1402
483
868
445
438
567
2376
665
184
1349
210
487
224
221
242
583
248
569
1353
134
487
132
125
250
2071
160
581
1337
158
531
148
165
142
1143
144
889
1349
166
471
132
149
158
643
164
645
1357
1618
471
1060
625
554
559
2568
565
1317
2562
503
1644
1101
506
547
512
557
1021
206
495
216
241
502
1863
232
585
1345
166
535
172
153
218
1063
224
889
1341
186
455
144
157
142
639
180
649
1349
126
495
160
141
210
579
168
577
1349
138
511
160
185
210
559
164
573
1025
174
527
488
2797
1958
1263
196
581
1333
1970
471
1404
705
698
2959
2784
881
1313
963
228
605
226
467
244
241
254
607
456
1265
586
455
617
611
176
1281
186
495
172
177
170
563
848
565
142
519
492
1029
534
207
160
169
174
871
1588
577
634
1277
563
420
553
470
807
804
2853
2238
899
236
1313
566
553
939
464
1241
522
491
272
721
662
1171
392
581
858
1265
1791
392
849
194
411
304
293
302
591
953
603
168
605
230
403
224
237
186
827
388
513
510
533
487
376
493
202
391
168
125
146
491
404
881
506
521
859
3068
789
130
435
124
137
146
1355
340
3225
835
132
733
390
1783
624
641
3014
4303
544
817
874
2563
404
1969
559
140
3201
162
419
168
149
158
571
372
453
571
140
465
146
427
140
137
186
115
472
469
474
721
435
3088
429
158
423
156
153
150
483
408
429
422
387
3092
2645
1806
469
138
1335
708
569
2966
443
2684
473
453
443
168
429
186
467
192
185
206
3007
432
441
462
445
2827
396
2833
210
471
196
225
210
931
388
481
486
477
475
412
3361
214
119
128
193
154
747
388
465
479
122
99
384
97
94
447
380
5313
106
103
427
1368
757
426
383
128
749
774
2983
392
513
394
2779
775
392
857
2218
587
372
397
366
1291
172
5409
166
399
523
172
1137
178
455
172
213
234
547
424
3073
170
407
2376
795
396
845
510
2347
388
445
422
411
2396
597
565
483
336
334
415
324
309
258
847
388
593
455
364
577
2014
463
1920
549
343
1732
2789
1894
483
352
581
1922
6478
435
5464
817
4443
5092
333
3527
1132
485
374
3779
3788
2509
3158
715
5312
541
2808
5222
4423
505
1078
1395
384
2301
1135
916
2801
402
487
526
411
976
2661
418
396
417
475
412
945
158
1763
1142
511
128
561
130
160
129
1215
100
617
130
163
118
1825
90
183
96
93
1058
783
116
3337
845
110
215
108
137
138
3263
128
3697
965
118
255
104
145
150
2587
144
2041
5849
106
251
104
101
134
1479
116
4041
6881
94
223
88
121
118
1175
116
4801
1449
735
100
769
126
255
124
225
106
755
748
785
110
111
224
129
106
503
3512
1113
450
103
525
523
100
525
102
263
232
129
1478
523
248
469
474
853
583
248
2885
142
127
1404
1069
962
595
264
477
578
1145
439
1424
477
158
279
120
301
234
607
284
3205
462
473
575
264
2693
154
307
152
149
170
439
584
473
118
1263
1897
435
96
461
106
283
120
413
286
455
272
581
442
259
108
81
74
1335
2832
449
423
92
449
2226
87
444
253
258
415
248
601
1839
94
91
224
417
5985
3846
79
412
429
4666
1203
96
917
94
431
264
601
398
235
516
225
258
711
112
461
234
219
956
419
88
485
406
199
228
169
494
159
92
473
473
411
116
477
118
259
240
113
110
435
220
465
630
609
423
176
609
134
127
132
149
166
435
192
493
414
425
627
176
425
142
223
148
153
206
595
208
1209
454
445
447
200
8113
174
227
168
129
126
2131
212
449
547
100
861
106
235
108
113
154
99
476
469
458
111
889
1047
224
4265
86
255
128
121
822
451
220
453
447
96
437
98
231
96
121
114
443
104
437
1342
449
435
244
545
538
251
532
1245
862
435
256
429
467
116
453
142
227
108
105
170
95
436
441
110
103
216
205
1414
415
2280
437
298
111
452
417
414
1491
104
461
110
235
108
105
138
455
100
485
106
247
96
229
114
471
100
461
434
6737
2431
272
593
306
279
784
973
190
435
272
465
443
112
126
263
112
97
146
1609
87
848
465
290
127
96
105
1550
1095
444
1661
274
443
292
1685
118
143
452
913
790
459
100
945
126
525
110
311
156
129
178
527
128
501
6777
114
331
144
137
158
2243
132
861
1281
118
355
120
157
158
523
160
565
541
122
395
120
117
162
1355
140
1881
1365
479
136
493
126
419
120
113
158
491
392
477
530
111
140
389
138
467
376
6977
138
493
799
116
1325
134
415
152
129
1078
615
368
1957
502
367
693
495
952
418
375
532
497
950
669
527
368
517
7010
5747
5008
369
3798
487
1488
861
497
762
259
1996
397
1470
719
4038
784
985
517
266
439
280
277
294
763
308
929
541
190
459
188
181
218
799
216
897
541
178
471
172
233
186
811
228
533
521
142
487
192
161
222
527
168
521
2073
779
144
7433
166
399
192
185
278
951
416
2025
1170
1977
771
392
7409
174
407
192
185
262
1415
392
1225
614
143
140
401
170
909
611
408
781
234
187
424
165
106
631
124
849
622
645
775
108
865
446
135
2396
105
158
535
444
549
774
1819
440
357
338
531
132
885
529
106
471
104
505
102
799
140
869
501
106
427
112
125
142
815
140
2197
485
126
427
108
105
142
743
140
473
485
126
455
104
133
146
491
140
569
517
106
455
104
101
142
479
148
525
473
110
535
140
153
414
1407
148
909
909
142
415
388
2489
614
471
148
825
481
610
423
432
469
710
1423
2520
801
917
650
395
252
261
366
507
2120
529
881
690
419
372
853
686
507
1980
521
893
515
2108
698
399
696
685
1038
915
340
533
478
783
8012
6717
4706
1895
724
909
362
541
499
732
730
1763
857
775
704
1930
517
451
8072
6610
2527
636
2865
4034
1008
845
439
528
485
1898
1655
432
901
523
1764
433
426
723
440
469
406
787
108
809
107
100
1141
534
687
460
713
442
1015
108
821
123
96
89
110
687
96
717
1162
671
88
1229
123
1596
541
102
651
92
681
90
971
136
1217
83
100
1565
106
639
80
661
98
87
1871
76
6365
8220
5261
78
958
2491
1119
1556
2893
636
1549
139
832
2365
106
123
1796
8254
631
800
4361
102
987
132
129
126
655
104
2409
154
127
152
97
118
683
104
733
86
115
80
85
102
79
392
741
391
152
717
706
95
419
172
1889
152
109
98
419
120
421
110
103
1464
417
387
116
405
102
123
120
117
178
435
116
421
406
1441
395
92
421
134
115
132
101
90
395
76
409
2047
80
7625
110
79
84
909
82
427
108
489
438
95
624
201
206
427
96
2825
102
115
100
189
190
447
108
1689
110
123
100
105
102
91
436
497
414
497
1455
108
433
134
651
140
181
138
443
124
2289
434
505
463
96
441
158
127
144
173
150
451
440
481
110
107
96
105
130
427
100
533
102
107
120
117
106
451
100
493
114
107
104
97
98
451
216
521
194
115
152
125
302
463
108
525
114
139
112
109
138
939
96
513
94
127
108
113
98
517
623
104
529
110
171
136
105
130
103
508
633
698
1479
136
565
118
159
196
181
246
503
100
1105
142
527
100
569
110
163
172
169
194
547
108
613
158
583
104
577
110
203
136
141
210
555
100
601
106
571
104
2617
118
195
168
157
138
631
100
609
122
645
106
159
140
125
178
615
124
661
585
122
199
180
109
98
2511
144
1189
605
110
207
104
189
110
607
140
581
8017
194
223
924
105
518
1191
124
993
573
142
227
116
113
142
607
132
637
593
118
211
112
109
142
619
148
593
613
118
227
112
109
146
531
144
589
637
110
247
108
145
142
603
132
569
581
118
247
116
113
146
503
144
549
993
118
271
112
109
146
491
144
525
997
118
291
112
109
146
491
140
545
997
106
291
144
137
274
1355
124
537
949
110
295
104
145
142
523
132
533
969
282
311
1276
609
654
531
152
553
961
386
287
556
501
958
527
1264
541
941
514
271
500
461
742
491
1248
541
985
1074
1211
1092
629
9734
527
1160
541
8674
511
1032
909
1014
643
1024
541
8642
499
9732
7181
1030
643
9476
909
382
6367
8796
11949
382
459
376
557
410
917
118
143
416
905
398
503
400
541
921
138
151
136
425
122
695
144
553
1017
126
147
144
141
138
679
128
565
1025
118
155
136
125
178
651
172
709
1041
114
163
144
169
170
1395
156
681
1061
118
211
128
105
162
683
156
10361
1481
102
195
160
137
150
711
140
4157
3413
114
191
128
109
122
491
156
1457
809
126
179
108
161
142
787
132
1477
1657
110
183
108
121
162
1263
144
581
2109
134
191
140
105
102
511
164
541
1737
106
155
1540
101
1302
543
116
557
1777
114
119
132
105
1502
507
120
541
1541
118
131
116
113
142
539
148
541
1085
118
151
112
145
142
1711
140
525
1125
110
171
104
97
146
527
144
541
1165
142
195
140
177
1590
491
132
541
949
650
175
900
813
774
527
504
541
929
298
1311
604
597
598
507
264
537
925
546
955
576
853
550
1955
572
545
953
566
875
852
577
486
1059
872
517
874
875
484
11245
7230
603
532
949
9722
533
471
888
1013
614
6188
915
656
8725
2182
551
632
549
8798
7739
6024
925
527
452
533
466
523
516
465
1702
555
5892
5746
124
1690
460
100
985
470
151
148
469
166
943
553
875
164
973
138
183
132
129
178
1175
176
2113
1386
969
1655
148
937
138
127
136
169
162
1215
144
905
934
1145
911
144
885
138
135
144
161
5713
202
943
160
981
730
13901
727
744
1281
158
195
164
161
206
763
192
1265
754
3749
775
196
1265
146
203
144
149
186
491
464
1009
158
127
220
121
98
463
2080
853
102
111
172
533
126
1015
112
953
226
235
112
2117
483
84
493
1290
195
236
149
898
559
92
489
501
479
116
573
114
279
124
257
106
2263
240
501
462
509
467
172
541
142
211
108
629
98
491
176
477
1055
92
501
98
175
96
109
134
475
192
493
470
493
435
196
485
138
119
700
113
254
467
461
411
96
561
102
95
128
113
198
2431
104
461
430
549
2455
208
489
202
231
424
417
446
403
204
405
407
108
781
134
211
104
101
130
79
404
425
535
100
377
102
95
836
229
194
395
100
425
950
413
395
208
389
418
235
404
1417
134
567
220
2561
398
401
583
244
413
126
123
148
153
114
395
513
407
100
493
138
267
120
97
102
683
104
429
1042
2657
411
1016
473
386
311
128
113
142
427
312
445
426
421
463
244
8401
126
311
164
153
254
419
816
525
134
143
248
1061
130
723
1032
545
262
387
1076
221
974
435
208
1185
434
191
988
981
11526
439
208
769
406
927
395
904
485
7190
411
11560
453
9206
8355
872
2581
3490
403
568
481
890
771
272
257
686
411
280
633
602
271
280
277
4576
270
415
132
657
134
167
636
297
294
527
112
505
158
127
156
2697
94
419
100
673
138
147
144
97
186
439
136
545
694
691
136
517
150
127
168
149
1978
459
92
541
106
1635
104
1497
126
151
176
173
154
1311
116
721
106
187
120
161
154
99
512
937
12805
138
175
668
697
114
1479
564
9025
10461
102
155
144
125
146
439
172
11281
2225
931
116
673
126
163
108
105
146
439
112
673
478
127
144
161
518
103
124
573
154
541
515
1016
561
270
167
144
105
262
1007
136
4402
497
4642
502
119
96
137
154
479
92
521
86
577
874
119
156
189
222
531
528
581
557
114
127
152
133
102
1087
148
493
777
134
131
112
145
142
507
140
585
809
114
143
112
109
142
479
148
545
837
110
167
136
141
134
511
132
521
493
110
159
116
145
150
499
144
12457
645
130
167
136
133
174
531
164
557
517
134
183
132
129
170
911
156
565
541
118
207
116
113
154
631
140
1425
917
110
215
144
137
210
527
132
561
901
110
231
108
105
146
527
140
589
969
110
243
140
137
230
571
124
549
925
503
100
98
227
96
129
126
533
507
200
94
941
483
84
78
91
116
113
234
531
1568
541
102
803
1637
218
259
1284
273
534
539
1144
549
1618
659
756
749
1238
535
864
981
242
219
511
736
573
946
1236
685
662
559
624
973
1218
1227
557
610
587
487
1224
949
578
1155
496
575
496
533
571
1152
973
13050
8467
3956
4629
4618
607
488
573
5032
989
1210
595
475
1232
565
426
432
425
962
1191
424
1017
430
427
1527
112
585
122
144
161
454
507
124
565
130
151
2055
100
573
114
180
113
162
631
108
1281
118
175
1779
108
709
118
192
117
174
1635
108
1313
118
199
1071
92
1045
86
180
85
122
1161
951
76
102
199
100
97
254
705
1447
208
86
1609
703
84
198
71
1569
703
1312
78
379
328
317
214
13489
707
92
1601
1146
395
228
97
74
735
100
925
110
487
96
1545
102
111
124
221
522
503
100
1553
114
215
104
137
134
523
92
1541
102
547
384
909
118
219
236
129
126
891
100
573
106
637
86
203
144
141
242
571
120
533
553
98
219
116
113
214
531
148
517
561
98
231
112
129
218
531
116
1053
485
475
100
473
98
243
120
137
226
799
204
753
698
95
705
82
103
132
129
638
511
204
1145
621
194
223
104
101
98
543
124
533
513
126
227
120
169
106
511
124
621
529
130
179
136
129
106
499
124
609
513
538
811
500
477
470
491
592
969
489
322
827
328
277
258
495
368
961
505
810
851
844
487
832
881
3402
5627
812
465
12258
467
724
489
10034
11311
4060
3069
8162
739
672
485
4763
622
475
476
505
626
439
463
360
645
370
364
369
350
447
372
937
4889
354
659
471
144
561
130
140
161
398
463
108
1057
130
111
851
100
569
126
188
133
238
979
96
1233
110
179
1207
92
589
134
204
129
166
671
100
949
134
219
1239
96
785
110
224
105
146
643
96
957
110
227
643
96
809
126
228
125
162
667
104
973
114
231
691
92
12369
86
232
105
130
5793
483
92
78
215
104
77
90
12193
487
212
1097
110
95
204
515
92
825
1058
491
96
473
478
439
212
1121
518
203
112
109
506
111
116
629
198
147
873
170
131
196
97
130
531
1112
613
637
134
215
116
113
162
527
140
589
589
118
231
112
157
162
523
156
553
561
467
132
513
126
239
120
153
158
483
228
609
486
103
96
245
110
439
1352
545
114
315
260
173
98
439
292
545
1154
2735
120
1149
130
295
112
269
262
475
88
513
86
933
607
84
82
279
132
125
110
941
475
284
74
949
871
108
505
298
91
116
141
2886
491
1016
521
490
323
292
289
270
263
308
897
505
587
112
885
110
335
116
321
118
479
276
513
594
841
455
260
493
130
295
120
117
106
583
260
453
470
87
445
959
944
437
278
135
324
253
990
607
260
601
454
629
419
948
617
290
271
508
249
926
631
248
461
438
243
413
906
1279
936
417
7130
603
11284
3413
3542
907
420
437
850
383
15316
2901
2094
435
704
5848
445
10290
643
1221
611
608
881
12818
3315
396
9621
1698
331
328
461
395
624
437
362
331
452
317
346
395
312
457
751
120
449
118
339
356
353
571
692
100
3120
449
150
131
96
117
3094
591
5392
477
6783
531
1103
168
625
122
111
96
89
102
1119
116
1313
3285
74
95
496
729
11778
8603
116
97
74
483
136
1325
491
84
1257
814
699
132
97
114
491
104
1265
499
100
15257
90
707
672
109
3311
76
90
5801
8177
74
611
88
335
104
13145
78
83
601
327
68
4169
74
319
348
91
296
3385
74
83
377
83
72
633
78
3356
75
413
74
17163
84
8709
4310
396
369
91
389
94
87
92
77
74
87
372
377
377
74
91
80
97
339
92
2945
78
2150
87
345
78
1683
15732
13433
88
389
82
71
88
1063
84
361
78
349
79
72
345
11346
359
13300
4886
349
74
83
92
351
84
333
78
75
377
71
76
341
324
79
345
310
7215
11293
82
79
92
341
74
316
87
72
401
78
319
10829
6070
79
76
1881
74
324
75
3841
74
319
13933
6006
75
88
665
324
83
72
8801
322
79
76
637
74
315
14996
7361
86
75
341
83
332
13237
314
75
88
85
75
72
345
78
314
75
337
70
5315
9352
10917
316
5185
82
79
311
96
349
74
83
292
12773
5258
341
82
87
291
84
333
82
79
296
721
2538
2555
80
93
1174
291
4248
341
4001
102
95
80
73
86
283
104
337
901
82
95
76
73
94
291
92
337
345
74
95
88
291
84
3873
78
285
79
76
761
78
291
79
72
353
914
4123
284
11213
82
79
7673
82
79
75
300
5801
74
79
284
7685
2234
349
82
83
284
2177
86
291
83
80
349
82
284
83
72
341
295
83
76
8377
298
75
964
85
154
75
345
78
79
292
557
9291
17623
14984
337
290
83
5464
97
102
557
78
75
92
89
98
295
2972
337
553
78
91
96
73
102
283
92
341
337
86
91
295
88
11645
78
87
284
79
76
4633
78
71
269
7902
7873
78
4712
95
260
6353
78
259
9545
91
80
337
78
252
6550
87
341
90
4995
248
341
82
87
4404
231
96
4357
90
79
229
510
79
361
82
79
4256
244
8873
82
243
92
357
82
243
88
83
76
357
78
245
79
341
78
76
248
549
78
243
76
91
72
345
78
233
79
553
243
82
92
345
90
75
240
87
76
1477
70
245
5585
5466
5172
78
87
252
345
106
239
84
83
80
341
86
237
79
76
223
82
87
88
357
235
85
349
231
112
94
111
100
105
82
227
353
224
86
79
84
95
353
228
345
86
91
87
216
92
78
83
204
361
99
195
96
349
90
88
199
90
92
191
92
349
98
183
92
341
87
92
85
179
88
78
171
84
349
159
84
341
82
95
151
92
341
84
147
88
82
87
151
84
357
80
143
80
337
78
143
92
95
148
381
365
122
127
120
117
106
175
116
373
179
112
110
119
108
97
110
191
88
397
98
191
84
405
134
111
124
97
126
223
104
425
437
110
119
108
101
106
263
128
437
441
106
115
100
97
98
283
132
465
453
299
88
112
469
110
135
104
109
98
311
465
323
92
102
83
88
81
86
323
92
505
86
114
103
108
101
98
327
104
94
303
92
85
74
91
80
517
314
83
72
509
274
283
268
229
150
347
100
589
114
367
100
529
110
115
128
141
142
399
108
509
106
485
86
107
128
125
130
451
112
629
525
110
123
108
117
146
447
132
653
501
98
131
96
129
130
467
116
665
489
122
131
128
125
106
483
140
497
505
122
163
136
149
154
499
140
697
489
110
151
116
105
138
467
132
465
865
86
139
112
117
130
439
108
489
485
82
459
120
509
126
183
172
121
98
487
100
497
509
282
355
420
405
382
515
208
837
517
84
150
191
128
133
174
507
168
861
517
126
199
128
133
174
551
172
901
549
146
219
224
117
114
523
172
897
537
126
251
116
221
110
535
124
877
553
102
263
100
97
130
571
128
885
533
110
299
104
145
142
515
140
881
509
114
295
112
109
138
567
132
521
905
110
267
104
133
146
539
140
597
897
126
279
120
117
150
579
148
557
893
88
134
247
144
245
110
563
124
573
909
88
110
279
128
137
250
507
128
573
82
1073
118
275
136
257
250
491
120
533
929
499
888
722
103
716
669
618
493
655
256
877
110
131
260
121
86
479
652
521
258
495
96
909
262
119
116
525
530
627
116
533
110
271
108
133
130
1119
92
96
1233
118
537
466
103
148
277
262
88
679
1080
969
88
565
115
150
295
144
285
84
1078
671
144
1013
541
126
311
144
301
114
102
539
124
1025
377
80
549
85
937
525
90
905
80
689
122
485
1329
761
509
469
118
601
465
857
127
437
805
405
789
397
773
118
1569
765
941
749
1321
757
749
725
1177
705
1145
677
645
645
633
621
1153
613
733
737
717
701
689
685
689
677
685
693
705
713
725
733
745
749
749
761
773
785
793
801
801
813
817
837
873
861
861
889
869
917
897
945
949
957
969
973
981
989
993
1005
442
1049
1025
1037
1037
1061
1057
1081
1073
1081
1093
1097
1105
1109
1117
1125
1165
965
1141
1153
1157
1165
1165
1157
1165
1169
1181
1193
1205
1217
1229
1241
1253
1265
1277
1289
1301
1313
1325
1337
1349
1361
1373
1385
1397
1409
1417
1429
1441
1453
1465
1477
1489
1501
1513
1525
1537
1549
1561
1573
1581
1589
1601
1605
1613
1621
1629
1637
1645
1653
1661
1669
1677
1677
1677
1677
1677
1661
1673
1661
1661
1661
1661
1661
1661
1661
1661
1661
1661
1661
1661
1661
1673
1677
1677
1689
1693
1693
1693
1693
1693
1693
1693
1693
1693
1693
1693
1693
1693
1693
1693
1693
1693
1693
1693
1693
1693
1693
1693
1693
1693
1693
1693
1693
1677
1677
1677
1677
1677
1677
1677
1677
1677
1677
1677
1677
1677
1677
1677
1677
1689
1693
1693
1693
1693
1693
1693
1693
1693
1693
1693
1693
1693
1693
1693
1693
1693
1677
1677
1677
1677
1677
1677
1677
1677
1677
1677
1677
1677
1677
1677
1677
1677
1689
1693
1693
1677
1661
1661
1645
1645
1645
1629
1629
1629
1613
1613
1613
1613
1625
1629
1625
1629
1629
1625
1629
1613
1625
1629
1629
1629
1641
1645
1645
1645
1657
1661
1661
1661
1673
1677
1677
1689
1693
1677
1677
1677
1677
1677
1677
1677
1677
1661
1661
1661
1661
1661
1661
1657
1645
2245
1645
1645
1645
1645
1645
1645
1657
1661
1661
1661
1661
1661
1661
1673
1673
1677
1661
1661
1661
1661
1661
1661
1661
1661
1661
1661
1661
1661
1661
1673
1677
1677
1689
1693
1693
1693
1693
1693
1693
1693
1693
1693
1693
1693
1693
1693
1693
1693
1693
1693
1693
1693
1693
1693
1693
1693
1693
1693
1693
1677
1677
1677
1677
1677
1677
1677
1677
1677
1677
1677
1677
1677
1677
1677
1677
1689
1693
1693
1677
1677
1677
1677
1677
1677
1677
1677
1677
1677
1677
1677
1677
1677
1677
1677
1689
1693
1693
1693
1693
1693
1693
1693
1693
1693
1693
1693
1693
1693
1693
1677
1677
1677
1677
1677
1677
1677
1677
1677
1677
1677
1677
1661
1661
1657
1661
1661
1661
1661
1661
1661
1661
1661
1661
1661
1645
1657
1661
1661
1673
1677
1677
1677
1677
1677
1661
1661
1661
1661
1661
1673
1677
1677
1661
1661
1661
1661
1661
1661
1661
1673
1677
1677
1661
1645
1645
1645
1657
1661
1661
1661
1645
1645
1645
1645
1645
1645
1657
1661
1673
1677
1677
1677
1677
1677
1677
1677
1689
1693
1693
1693
1693
1693
1693
1693
1693
1693
1693
1693
1677
1677
1677
1677
1677
1677
1677
1677
1677
1677
1677
1677
1677
1677
1677
1677
1689
1693
1693
1693
1693
1693
1693
1693
1693
1693
1693
1693
1693
1693
1693
1693
1693
1693
1693
1693
1693
1693
1693
1693
1693
1693
1693
1693
1693
1693
1693
1693
1693
1693
1693
1693
1677
1677
1677
1677
1677
1677
1677
1677
1677
1677
1677
1677
1677
1677
1661
1673
1677
1677
1661
1661
1661
1661
1661
1661
1645
1645
1645
1645
1657
1661
1661
1661
1661
1673
1677
1677
1677
1677
1677
1677
1689
1693
1693
1693
1677
1677
1677
1677
1661
1661
1661
1661
1661
1661
1661
1661
1661
1661
1661
1673
1661
1661
1661
1673
1677
1677
1677
1677
1677
1677
1677
1677
1677
1677
1677
1677
1677
1677
1677
1677
1677
1677
1661
1661
1661
1661
1661
1661
1661
1661
1661
1673
1677
1677
1677
1677
1677
1677
1689
1693
1693
1693
1693
1693
1693
1693
1693
1693
1693
1693
1693
1693
1693
1693
1693
1693
1693
1677
1677
1677
1677
1677
1677
1677
1677
1677
1677
1677
1677
1677
1677
1677
1677
1689
1693
1693
1693
1693
1677
1677
1677
1677
1677
1677
1677
1661
1661
1661
1661
1661
1645
1645
1645
1645
1645
1645
1645
1629
1641
1645
1645
1645
1629
1641
1645
1645
1657
1661
1661
1661
1661
1661
1673
1677
1677
1677
1677
1677
1689
1693
1693
1693
1693
1693
1693
1693
1693
1693
1693
1693
1693
1693
1693
1693
1693
1693
1693
1693
1693
1693
1677
1661
1661
1661
1645
1645
1645
1629
1613
1613
1613
1613
1625
1629
1629
1629
1629
1641
1645
1645
1645
1657
1661
1673
1677
1677
1677
1677
1677
1677
1689
1693
1693
1693
1693
1693
1693
1693
1693
1693
1693
1693
1693
1693
1693
1693
1693
1693
1677
1677
1661
1661
1661
1661
1661
1661
1661
1661
1661
1661
1661
1661
1657
1661
1661
1673
1677
1677
1661
1661
1661
1661
1661
1661
1661
1661
1661
1673
1677
1677
1677
1677
1677
1677
1689
1693
1693
1693
1693
1693
1693
1693
1693
1693
1693
1693
1693
1693
1693
1693
1693
1693
1693
1693
1693
1693
1693
1693
1693
1693
1693
1693
1693
1693
1693
1693
1693
1693
1693
1693
1693
1693
1693
1677
1677
1677
1677
1677
1677
1677
1677
1677
1677
1677
1677
1677
1677
1677
1677
1689
1693
1693
1693
1693
1693
1693
1693
1693
1693
1693
1693
1677
1677
1677
1677
1677
1677
1661
1661
1661
1661
1661
1661
1661
1661
1657
1645
1645
1645
1645
1645
1657
1661
1661
1661
1645
1645
1645
1645
1657
1657
1645
1645
1645
1645
1645
1645
1645
1645
1657
1645
1645
14757
14793
14865
14801
14813
14825
14949
15065
15077
15197
15205
15237
15225
15317
15397
15417
15425
15433
15421
15509
15533
15789
16665
16657
16661
16533
16545
16521
16529
16541
16545
16565
16537
16505
16501
16433
16377
16041
16005
16013
16337
16345
16345
16345
16357
16365
16377
16385
16389
16397
16261
16221
16161
16153
16161
16161
16153
16093
16093
16041
16053
15969
15925
15909
16145
16277
16257
16297
16521
16481
16489
16641
16873
16513
16577
17169
17097
17717
17869
16513
16645
16733
17641
17065
16857
16613
18449
17777
17553
17537
17537
17505
3097
3133
3053
3005
3001
409
3021
421
445
489
465
445
489
501
509
473
533
525
553
529
581
541
609
541
629
561
653
641
737
653
701
613
725
625
741
761
769
773
773
781
789
797
973
821
829
849
837
845
853
861
873
885
885
889
901
897
901
913
925
929
941
953
957
981
973
993
989
997
1005
1013
1021
1029
1041
1109
1069
1077
1097
1093
1121
1109
1149
1125
1169
1141
1197
1161
1217
1177
1245
1249
1261
1265
1277
1285
1297
1301
1313
1321
1333
1337
1349
1361
1373
1385
1397
1409
1421
1433
1445
1457
1469
1481
1493
1505
1517
1529
1541
1553
1565
1577
1589
1601
1609
1621
1633
1645
1657
1669
1677
1661
1661
1661
1661
1661
1661
1661
1661
1673
1677
1677
1677
1677
1677
1677
1677
1689
1693
1693
1693
1693
1693
1693
1693
1693
1693
1677
1677
1677
1661
1661
1661
1661
1661
1645
1645
1645
1645
1645
1645
1657
1645
1645
1657
1661
1661
1661
1661
1661
1673
1677
1677
1677
1677
1677
1677
1677
1689
1685
19750
19935
19916
19745
19730
20171
19764
19825
1685
19549
19366
18879
18144
19041
1685
6070
6007
6056
6025
17626
17323
19384
16225
6002
1411
6116
1685
16950
17191
16728
16594
1685
17142
16217
1403
3164
3382
1167
3372
6001
3402
16484
1685
14503
1403
2828
12512
1685
1403
20344
20938
20883
2864
20861
20758
1685
12296
1403
3352
3346
3051
3336
3325
3294
1685
12248
1403
3040
3258
12145
1685
1403
2984
19545
3050
2927
2900
2801
3254
1685
11881
1415
3048
3274
1669
1419
3124
3274
1669
1419
3204
3266
1669
1419
3232
3290
1669
19546
1419
20336
19553
6926
19583
19568
3249
1669
1419
6796
3246
1669
1419
20320
19494
8719
3296
9213
14082
1669
1419
6668
17485
3274
1669
1419
20336
17321
8494
3251
3344
3461
11746
6357
1419
6604
16733
3258
1669
6219
20336
14574
11423
3252
11533
19614
3385
1403
20288
3662
19539
20944
3261
21870
20601
3691
20240
10574
3251
19548
10449
3625
3503
20060
3227
19561
3521
3655
20040
2590
17647
10348
3201
3003
20052
3227
17346
2549
2459
20032
8542
15903
10208
2357
7691
19984
7247
15618
1957
1499
19824
6990
15135
9648
1541
3511
19744
6783
14946
21381
3459
19756
6638
14591
6556
3529
19767
3658
14479
3828
19929
19771
9644
3826
3537
19783
9596
19785
19847
9580
3537
12203
14236
19801
14363
13836
19809
19975
11157
10629
10533
9925
6821
9173
