50
61
66
63
74
63
62
67
78
75
78
63
94
70
85
80
79
80
103
78
71
70
77
70
57
86
115
98
98
142
94
104
89
94
128
103
98
152
122
148
104
78
213
182
161
114
137
102
101
186
155
186
145
170
123
104
86
231
110
75
176
105
114
101
88
108
105
273
120
147
190
154
129
174
117
183
102
102
271
82
91
126
122
113
112
207
96
82
291
144
95
118
205
108
201
106
107
106
105
100
112
101
94
101
216
107
94
91
102
113
112
229
184
313
100
99
325
110
108
107
104
106
107
333
218
244
121
108
245
148
129
128
125
228
341
361
222
137
124
158
155
154
153
282
302
128
427
455
348
163
148
162
151
170
137
286
166
443
154
499
250
287
154
151
278
125
164
463
168
148
155
453
150
144
493
149
322
121
523
128
115
130
459
314
187
341
126
174
153
184
181
364
340
461
340
457
324
143
118
166
151
150
137
160
135
364
363
130
439
116
378
571
362
129
134
121
120
119
148
378
455
415
366
133
146
140
129
140
137
402
156
563
412
597
132
409
138
549
422
147
142
135
134
131
426
461
539
406
131
150
131
138
117
448
459
428
148
567
378
129
163
422
126
141
362
398
154
148
573
118
115
382
115
403
120
421
132
607
128
613
144
143
136
135
132
395
438
128
635
132
135
126
407
497
408
823
416
467
142
831
480
211
210
199
198
185
476
431
402
398
831
396
193
184
183
192
457
202
429
404
396
403
386
149
192
185
178
177
388
863
419
406
143
400
158
157
398
396
725
154
153
176
160
386
162
431
148
135
382
142
111
106
105
380
405
106
412
105
104
103
362
95
677
382
396
90
362
689
386
116
101
126
104
119
370
392
709
102
363
104
103
404
136
721
98
105
424
91
390
116
475
114
134
132
141
414
107
110
105
102
747
100
93
134
418
416
132
132
131
434
125
124
467
140
109
122
787
456
115
136
441
130
777
116
749
498
141
456
124
435
422
156
143
142
141
454
577
128
126
460
436
797
382
161
128
168
157
410
143
132
414
139
134
575
128
811
549
144
410
787
153
412
406
505
132
497
486
215
234
205
202
201
494
487
408
404
487
430
223
222
209
266
261
238
757
457
424
211
416
218
215
254
251
412
212
795
779
418
438
211
210
209
200
199
459
208
428
102
426
398
190
450
429
487
190
189
132
131
400
121
436
473
475
442
145
136
133
116
115
152
475
142
418
467
426
115
155
424
122
129
120
417
130
418
396
471
757
134
127
126
128
404
117
114
129
426
753
134
130
763
438
113
112
119
134
133
128
126
775
779
601
482
474
773
509
758
185
184
175
192
173
512
749
525
414
187
186
177
176
185
202
411
675
392
187
422
168
165
208
201
410
212
751
158
399
416
152
186
191
434
408
461
174
167
148
172
171
138
185
417
124
121
428
410
124
1045
134
123
120
135
416
127
400
120
467
123
398
400
477
404
469
1061
176
175
408
190
175
206
205
132
542
417
807
426
422
827
484
209
208
199
208
187
200
489
410
174
1051
808
191
206
211
214
429
192
432
186
851
174
173
172
159
158
763
172
201
420
202
821
414
845
140
91
752
394
128
379
168
124
110
587
132
387
132
123
526
105
518
109
126
117
134
104
805
388
129
110
109
124
367
108
445
104
396
126
381
128
132
118
150
389
128
841
462
145
436
129
128
389
126
585
122
140
533
444
141
408
132
419
146
145
136
135
466
531
452
133
130
563
140
450
869
484
137
442
161
160
179
148
153
148
512
408
1179
154
1187
478
171
126
178
165
154
395
380
180
889
126
607
404
893
432
161
168
183
168
177
426
885
408
420
399
166
422
541
148
166
151
158
177
176
187
388
515
430
123
184
138
100
915
436
99
152
146
149
114
407
148
169
446
887
422
125
112
111
136
132
419
120
128
422
119
118
443
136
517
456
143
428
438
505
126
131
408
756
144
436
505
134
441
140
489
444
119
122
126
124
168
420
509
390
424
122
499
110
121
428
108
483
152
146
434
152
150
166
406
159
468
145
190
917
196
459
152
166
151
553
380
378
841
454
135
158
158
176
159
146
145
418
569
404
385
162
573
394
585
396
829
656
382
545
366
513
644
855
360
344
354
549
547
807
791
803
821
1037
749
499
5448
5454
5462
5482
5502
5486
5488
5460
5480
5460
5468
5468
5460
5460
5460
5468
5444
5443
5456
5431
5430
5429
5428
5438
5434
5431
102
5482
5444
5464
5471
