51
58
55
52
51
53
50
50
51
51
48
50
51
51
48
50
51
51
48
50
51
51
48
50
51
51
48
50
51
51
48
50
51
51
48
50
47
59
50
55
47
56
49
50
51
51
48
50
43
55
50
51
70
51
48
58
51
48
59
50
51
51
47
54
51
48
59
55
50
59
55
50
63
48
59
47
58
59
62
59
56
49
55
51
58
51
47
51
62
51
48
47
51
50
51
58
62
59
56
53
47
59
62
59
56
49
55
58
55
52
49
47
51
50
47
55
50
56
49
47
54
51
48
47
51
50
51
58
62
59
56
53
51
58
55
54
47
59
50
56
51
58
55
53
51
55
62
51
59
71
62
59
66
55
52
63
58
51
51
78
58
51
48
47
58
55
62
59
56
53
51
58
51
47
146
58
51
59
62
51
60
57
47
58
51
48
59
58
51
48
57
47
190
58
55
58
63
52
57
47
134
58
55
62
51
56
47
110
51
110
335
320
297
270
347
284
269
51
74
279
60
69
58
55
54
83
51
56
47
112
66
303
52
49
47
75
54
279
51
48
53
47
255
47
54
51
51
48
50
51
279
59
47
58
55
54
279
267
60
57
91
86
59
56
55
50
63
44
57
54
43
50
51
303
55
60
45
43
58
323
59
52
45
59
54
55
48
54
47
46
59
56
55
54
55
53
51
46
59
52
49
47
46
407
59
56
45
55
54
55
54
47
54
59
56
55
54
59
57
47
54
495
59
59
50
59
48
45
59
58
519
531
116
105
94
323
92
57
294
63
55
54
59
56
53
47
54
51
58
51
46
51
51
50
63
48
55
50
603
59
55
62
639
47
54
591
96
81
74
143
72
69
55
52
49
47
130
50
595
47
67
54
63
48
551
55
66
59
54
59
55
54
59
56
53
43
451
51
50
399
63
48
59
58
63
60
59
54
59
57
54
51
54
391
47
367
124
69
62
151
158
63
56
49
47
58
63
59
335
66
307
79
67
64
61
58
55
52
49
86
315
70
67
52
49
59
55
54
51
44
51
243
54
59
56
51
50
51
57
51
50
55
51
50
267
51
56
51
50
55
53
51
46
291
59
48
59
58
63
60
49
59
58
99
59
84
183
154
63
52
59
66
63
48
57
46
55
50
63
56
53
51
50
91
51
51
51
50
48
47
51
50
51
51
47
42
48
62
51
50
47
44
47
59
54
47
59
67
62
63
62
59
56
55
55
54
63
59
56
55
54
59
52
57
47
59
54
51
59
60
59
58
59
58
55
52
59
50
61
58
59
50
59
56
47
59
54
51
48
47
49
50
51
51
48
50
49
47
50
55
48
47
49
50
51
51
48
50
49
47
50
55
48
47
49
50
51
51
48
50
49
47
50
55
48
47
49
50
51
51
51
55
50
51
48
47
70
67
54
51
48
47
50
59
59
54
59
48
55
55
54
51
48
47
47
54
51
51
58
55
54
51
47
56
49
50
51
47
55
50
51
51
48
55
59
58
51
59
59
60
57
55
59
58
55
55
59
60
57
54
51
55
54
51
47
54
47
55
51
46
44
58
51
47
58
55
51
58
56
55
59
58
51
57
51
52
50
47
51
50
51
51
47
54
51
55
62
59
56
53
51
58
51
48
58
47
62
59
56
45
55
62
51
58
51
51
58
51
51
58
51
56
51
58
51
57
51
50
48
51
51
50
48
51
51
58
59
64
49
59
55
66
51
56
59
58
47
53
58
47
51
50
47
47
54
47
55
55
54
47
52
47
45
54
47
47
54
47
52
47
51
50
47
47
54
47
52
47
45
54
47
47
51
58
55
55
54
55
62
59
56
53
51
51
58
54
51
58
55
52
51
58
57
54
51
58
55
52
51
58
57
54
51
58
55
52
51
55
54
53
51
55
54
51
55
50
55
67
55
50
64
57
55
50
67
62
59
50
59
55
75
63
58
55
52
49
75
55
78
95
62
63
63
70
51
66
71
60
65
51
66
63
62
59
52
59
62
61
58
51
56
58
55
52
51
58
57
54
51
55
54
59
54
59
52
71
59
54
63
66
59
56
67
63
62
51
71
63
58
51
48
75
55
94
79
72
59
58
55
58
51
55
86
62
59
56
53
51
58
54
51
94
58
55
52
49
47
62
59
56
47
62
55
52
51
126
58
55
55
58
64
53
51
58
55
54
51
58
56
51
58
51
47
170
51
126
58
163
160
281
102
275
59
64
45
59
100
93
66
63
59
78
58
63
52
57
50
74
51
50
135
51
56
103
59
58
155
47
63
48
61
59
54
107
47
66
59
59
54
47
59
56
51
50
51
57
51
55
54
47
55
50
56
49
71
55
54
55
54
55
59
50
59
55
50
55
48
75
55
78
58
51
48
67
67
58
51
57
47
56
50
59
55
62
51
62
59
51
58
55
52
49
47
74
47
62
43
70
67
60
53
51
50
43
75
56
51
50
43
51
51
50
43
56
51
50
47
45
47
59
54
51
58
51
48
47
51
50
51
51
51
50
48
45
51
50
51
51
51
50
48
47
51
50
43
56
51
50
43
51
47
54
51
55
54
51
56
53
51
50
46
55
48
47
54
51
48
47
54
51
48
47
54
51
47
59
54
51
48
47
47
54
47
62
58
63
56
49
55
55
54
51
44
51
54
51
48
45
51
50
43
56
51
50
47
45
51
50
43
56
51
50
47
45
47
59
54
51
50
63
55
52
51
58
51
57
47
59
54
51
47
48
59
51
58
55
58
63
56
53
50
47
54
51
48
47
49
50
51
47
58
55
54
51
47
56
49
50
51
51
48
50
51
51
48
50
51
51
48
50
47
59
54
55
50
59
55
52
47
59
54
59
56
55
50
59
55
52
59
54
63
59
50
59
71
59
70
58
51
68
65
50
59
47
58
51
60
51
58
67
52
49
59
58
55
52
49
47
51
51
58
55
62
59
52
49
59
55
62
59
52
59
62
51
61
58
51
50
48
51
51
50
51
51
58
55
54
47
59
62
62
60
57
55
62
59
58
51
56
47
58
56
51
58
59
58
51
48
59
58
47
58
63
59
47
70
47
58
55
76
73
46
67
44
47
62
51
47
58
55
47
55
70
58
47
70
62
55
78
58
55
51
62
59
52
49
59
58
55
52
110
51
98
151
148
133
130
171
112
69
62
59
55
62
83
51
62
60
53
51
91
51
58
51
58
51
56
51
58
57
54
51
90
58
51
56
51
50
49
47
51
50
51
59
59
58
59
59
66
62
67
60
53
50
59
48
54
51
44
51
54
51
48
47
51
50
43
56
51
50
43
51
47
54
51
55
50
55
55
52
47
59
58
51
59
62
51
60
47
62
59
52
49
59
58
54
51
58
55
52
49
47
62
59
56
45
55
62
51
58
51
58
51
56
51
58
51
57
51
214
58
51
56
51
58
51
214
47
78
199
68
73
66
243
58
51
59
68
62
51
60
57
47
59
62
59
52
49
59
55
50
55
51
52
45
54
47
47
54
47
52
47
45
54
59
51
66
63
58
51
48
71
67
58
62
59
52
59
48
62
61
58
51
51
47
54
51
51
59
58
59
58
55
52
49
47
54
51
48
47
54
51
48
47
47
54
55
52
45
51
46
51
51
46
52
51
45
51
46
51
51
46
52
51
45
51
46
51
51
46
52
51
45
51
46
51
47
46
59
51
59
54
60
59
50
59
57
42
71
59
50
60
51
51
49
50
51
51
48
50
51
51
48
50
51
51
48
50
51
51
48
50
51
51
48
50
51
51
48
50
51
51
48
50
47
47
59
50
47
47
59
50
51
47
52
50
51
47
55
50
51
47
52
50
45
51
47
50
47
47
59
50
51
46
51
63
59
54
51
60
45
42
51
50
51
47
52
50
45
51
47
50
51
47
52
47
51
50
47
55
59
58
51
59
59
50
60
57
51
51
50
50
51
51
48
50
51
51
48
50
51
51
48
50
51
51
48
50
51
51
51
50
51
51
48
50
51
51
48
50
51
51
48
50
51
51
48
50
51
51
48
50
47
59
54
51
51
52
49
50
51
51
48
50
51
51
48
50
51
51
48
50
51
51
48
50
51
51
48
47
47
54
55
52
45
51
46
51
51
46
55
51
51
55
50
55
70
67
62
59
56
53
51
51
58
54
51
58
51
48
59
47
58
62
55
52
45
51
54
51
47
59
54
51
51
54
51
60
51
55
50
62
51
59
54
75
59
74
58
67
56
67
83
52
49
46
63
62
55
52
49
47
51
50
47
55
50
56
49
47
54
51
47
59
54
47
58
55
62
59
56
55
50
45
59
55
47
54
48
45
51
55
54
55
54
51
44
67
59
55
62
91
59
64
53
50
59
48
51
50
55
52
51
55
54
47
66
47
58
71
56
49
67
58
51
59
59
54
51
44
66
59
51
62
59
51
58
51
58
51
51
58
56
53
51
47
58
55
51
58
56
53
51
55
66
51
58
51
51
58
55
51
66
58
72
69
67
62
59
54
47
166
68
142
163
156
161
138
51
50
179
144
129
55
52
49
47
54
119
59
56
55
54
59
52
57
47
54
155
59
48
55
50
159
59
55
54
59
52
51
50
59
55
54
207
59
52
47
50
227
51
59
52
47
62
159
45
143
160
129
122
203
108
101
190
63
55
50
63
60
49
59
58
59
58
47
56
50
151
51
135
75
70
59
47
62
63
48
45
59
58
167
63
60
55
54
59
57
54
51
50
51
56
51
50
51
51
50
51
56
51
50
55
53
47
54
51
271
59
56
47
54
227
51
59
56
47
247
54
59
48
55
54
191
59
55
54
59
52
51
50
51
57
51
50
55
52
47
179
51
50
175
51
50
175
51
50
179
59
48
59
58
63
60
51
50
207
199
320
309
294
439
292
265
414
63
60
55
54
59
57
51
51
207
207
72
61
58
87
58
59
56
62
59
47
106
62
243
56
55
83
62
59
56
53
255
59
58
59
66
55
50
283
63
60
55
54
59
53
47
54
59
56
55
54
59
52
51
50
351
47
355
112
81
70
163
68
158
63
56
47
58
63
60
57
55
50
391
47
387
47
50
391
51
55
51
50
51
56
51
427
54
415
128
117
114
51
155
116
97
58
51
56
51
58
57
54
51
58
51
56
47
198
51
62
58
459
83
63
60
57
55
54
59
52
58
51
50
459
59
59
58
59
56
53
50
47
54
431
59
56
55
54
439
59
52
59
50
45
63
56
55
399
62
67
60
65
55
54
395
59
52
59
54
59
53
47
54
423
59
56
55
50
419
63
60
57
55
54
63
59
58
63
60
57
54
51
50
55
51
50
51
56
51
50
475
51
51
50
51
56
51
50
499
55
53
51
50
51
56
51
50
467
55
51
50
51
56
51
50
411
55
53
51
58
403
59
64
49
46
59
58
367
59
55
50
63
60
57
55
367
62
67
60
49
66
59
58
59
47
60
50
407
63
56
49
55
54
59
55
54
55
51
50
447
51
50
435
59
48
59
58
63
60
55
54
467
59
57
43
50
451
47
50
439
63
56
49
55
58
395
63
60
57
47
54
351
47
351
760
737
714
803
50
676
673
63
48
55
806
367
48
67
58
59
55
62
59
56
53
47
347
58
359
79
59
52
57
79
74
59
58
47
56
54
47
395
391
212
129
114
47
171
54
51
48
47
116
101
246
411
83
62
67
64
53
63
62
435
59
48
59
58
55
53
47
51
471
54
475
176
113
94
123
76
73
59
55
130
50
487
59
54
55
483
80
58
67
63
60
57
55
495
59
58
63
60
59
58
59
53
47
50
519
47
50
519
51
539
80
73
66
107
102
59
52
47
62
59
59
54
59
47
54
547
51
535
76
73
62
107
52
98
59
51
58
59
56
53
47
50
63
56
55
50
683
63
56
55
54
59
57
54
47
50
47
583
54
567
72
65
54
47
155
60
54
51
47
142
48
50
547
47
75
50
70
59
563
55
67
64
59
54
599
55
63
60
53
46
51
62
527
63
60
51
50
59
48
59
58
59
52
57
50
43
571
50
51
575
59
51
58
63
55
50
63
56
51
50
627
63
60
55
50
63
60
57
55
54
59
54
47
60
46
607
59
44
59
58
575
551
328
229
222
283
228
193
338
59
55
50
475
51
51
47
463
50
55
48
47
70
407
51
50
47
54
387
50
55
48
47
355
51
50
47
54
359
50
55
48
47
311
51
50
47
54
307
50
55
48
47
319
51
50
47
54
315
50
55
48
47
311
51
50
47
54
319
50
55
48
47
295
54
51
55
54
295
51
51
51
50
303
51
51
48
47
311
51
50
51
51
51
50
327
48
45
131
51
55
54
131
47
59
59
54
52
49
47
54
51
48
47
51
46
58
51
47
59
54
47
63
54
51
47
71
59
50
51
62
51
54
52
51
50
47
55
54
51
47
59
50
47
62
59
54
51
47
54
51
50
47
47
51
50
47
54
51
50
47
47
54
51
51
52
51
50
47
54
47
54
51
51
51
47
58
55
51
50
51
51
54
52
47
59
50
51
62
51
54
52
49
47
54
51
47
59
54
51
48
47
54
51
48
47
54
51
48
47
54
51
48
47
51
50
55
52
51
50
49
51
51
55
54
51
50
59
51
50
51
51
51
46
44
58
51
50
51
59
59
58
56
53
55
67
62
63
62
59
56
53
46
59
54
55
59
54
59
52
59
55
70
63
55
82
58
55
52
47
62
57
54
51
58
55
52
51
58
47
62
59
56
49
55
150
58
59
118
62
47
90
55
70
207
148
145
118
223
62
59
56
53
51
124
105
111
66
59
56
66
55
123
59
58
55
52
47
135
54
70
59
59
58
59
56
53
50
47
54
179
59
55
50
63
60
59
58
59
47
54
231
51
111
88
81
78
155
59
56
51
84
73
58
150
63
48
59
58
83
71
55
52
45
51
66
54
51
48
45
51
50
43
56
51
50
47
45
51
50
43
56
51
50
47
45
51
50
43
56
51
50
47
45
51
50
43
56
51
50
47
45
51
50
43
56
51
55
54
47
55
63
50
56
49
47
51
50
47
55
50
56
49
47
54
51
48
47
54
51
48
47
47
62
51
67
54
51
48
47
66
49
83
51
63
58
55
52
51
53
50
50
51
51
48
50
51
51
48
50
51
51
48
50
51
51
48
50
51
47
55
50
47
59
54
55
54
51
51
47
58
55
54
51
47
56
51
50
51
51
48
50
51
51
48
47
51
50
43
56
51
50
43
59
59
58
51
56
51
48
61
58
51
55
54
47
55
63
50
56
49
47
54
51
48
47
59
55
66
63
47
62
59
59
55
62
52
47
62
55
51
78
63
66
58
71
68
57
54
67
48
41
62
55
51
58
56
53
47
59
54
51
47
56
49
50
47
50
67
59
70
58
67
64
59
63
62
55
66
63
56
49
55
62
59
52
59
62
61
54
51
98
62
55
55
58
55
62
59
56
53
47
114
62
55
110
62
59
52
59
62
51
61
58
51
58
51
56
51
58
51
57
47
130
58
59
78
219
208
177
166
243
62
51
47
172
165
62
51
58
55
52
49
47
98
119
83
58
59
62
59
56
47
94
62
59
56
49
55
58
55
52
47
106
58
55
86
62
59
58
55
58
55
52
49
47
114
70
62
75
72
57
54
63
48
45
62
51
51
134
54
47
62
55
52
51
58
51
51
58
51
56
51
70
62
59
56
53
46
71
62
51
56
58
55
52
51
66
58
55
52
73
70
67
58
55
234
58
55
52
49
47
214
523
384
377
370
455
360
353
62
59
56
45
55
535
51
62
59
55
54
59
56
53
50
47
555
503
48
47
63
50
51
110
51
447
62
60
57
55
447
58
51
67
59
70
435
51
66
59
64
55
58
51
48
57
47
78
427
59
58
51
59
387
62
51
60
57
47
59
58
59
70
62
423
71
67
44
59
66
63
52
57
46
51
58
51
56
51
58
57
54
51
58
51
56
51
58
57
54
51
158
531
131
58
51
56
51
511
58
57
54
51
471
58
51
56
51
58
487
57
54
47
59
55
62
503
62
59
56
53
47
59
54
51
47
447
59
54
59
56
55
54
463
63
48
59
58
59
52
57
50
47
54
59
56
51
363
58
63
60
53
50
59
50
99
96
93
159
154
63
60
57
55
54
63
63
54
59
56
53
47
50
99
51
71
64
99
98
59
56
51
58
59
57
54
51
50
55
52
51
55
54
55
55
54
71
58
59
59
59
59
55
75
59
58
55
52
49
75
55
98
83
96
62
59
56
55
59
58
55
52
51
50
49
51
51
58
51
56
51
58
51
57
51
50
48
51
47
59
54
51
51
52
49
50
51
51
48
50
51
51
48
50
51
51
51
50
51
51
48
50
51
51
48
50
51
51
48
50
51
51
48
50
51
51
48
50
51
51
48
50
51
55
54
59
50
59
56
71
59
50
61
58
51
51
48
50
51
51
51
50
51
63
63
54
51
51
66
52
49
58
51
48
59
58
55
52
49
47
54
51
48
47
47
54
51
51
58
51
51
48
58
51
50
63
51
62
59
44
51
58
51
47
66
47
58
71
56
67
51
62
61
51
58
55
51
58
47
90
70
67
64
87
62
59
56
55
66
63
60
55
62
55
47
62
59
56
55
58
55
134
62
59
56
53
51
58
47
62
59
56
55
162
58
51
47
62
51
56
47
114
62
59
56
55
62
61
58
51
56
58
55
52
51
58
53
51
58
55
47
142
47
94
291
288
265
258
315
50
51
236
229
51
70
62
223
60
55
67
58
55
52
47
78
247
67
58
55
62
59
47
58
51
59
66
59
59
58
47
142
134
243
120
105
98
135
88
85
70
255
51
62
75
72
61
54
71
66
62
62
87
84
61
54
83
48
62
51
47
118
98
335
72
65
111
62
59
56
49
55
347
58
55
52
47
59
54
51
47
375
59
54
59
43
50
343
51
319
72
71
59
56
51
94
66
67
59
54
311
63
68
61
59
58
63
60
59
54
59
57
51
50
371
63
55
54
59
52
49
59
415
47
351
47
259
172
141
126
219
124
117
50
47
218
62
55
251
62
67
60
59
54
59
57
47
255
50
63
59
50
267
63
59
54
59
51
58
259
59
64
45
59
58
259
63
60
59
54
63
55
62
59
64
51
50
315
47
327
50
51
59
51
58
367
59
52
375
47
54
63
60
57
55
54
59
52
58
47
54
431
59
56
49
55
58
459
63
60
51
50
63
48
55
50
495
63
60
57
55
471
62
67
66
59
58
63
52
45
51
54
491
59
56
55
54
59
57
54
51
495
47
491
55
50
495
499
608
581
562
627
544
537
618
63
60
57
55
54
63
60
55
511
62
499
408
381
374
115
284
453
67
61
47
62
55
52
45
51
54
51
51
54
51
58
55
52
51
58
57
47
54
51
51
238
58
611
59
64
49
59
58
59
58
47
643
54
59
51
50
647
651
240
237
570
191
516
453
63
60
57
55
166
62
63
56
63
58
63
61
58
47
54
59
56
55
50
719
51
50
719
47
695
148
497
426
311
120
393
190
63
56
58
51
59
47
62
735
51
50
695
63
56
55
54
59
52
47
54
683
59
52
59
50
45
691
63
56
51
50
63
60
55
54
667
59
52
57
47
50
819
47
63
56
49
47
58
659
663
304
241
230
263
496
293
250
63
60
55
50
59
48
59
58
707
59
55
54
55
1051
63
60
53
51
695
70
63
60
47
1091
55
54
59
56
53
51
50
46
563
63
55
50
59
59
58
59
52
51
50
963
59
56
55
50
831
59
55
54
59
52
49
47
54
51
607
59
48
47
58
611
51
50
599
63
48
55
50
1319
63
60
51
50
63
591
47
54
599
59
56
51
47
607
54
575
496
893
670
51
515
480
777
50
47
510
54
583
59
56
49
46
55
50
599
51
54
759
59
51
50
551
47
515
392
369
362
183
248
453
50
242
63
56
51
50
51
57
51
50
51
47
567
55
50
575
63
55
50
55
52
47
46
627
51
575
51
50
567
51
59
535
47
50
519
51
59
52
49
47
62
507
655
320
317
378
51
395
50
244
241
51
326
519
58
51
47
511
196
193
170
155
160
269
58
59
66
55
58
47
70
62
58
87
76
69
58
83
56
45
58
51
47
342
643
55
62
55
52
47
663
148
97
94
263
72
193
50
63
56
55
62
59
52
47
58
51
59
226
959
58
56
51
58
715
112
105
339
63
60
57
55
62
59
52
58
47
118
62
59
51
374
50
775
984
933
398
91
63
56
49
55
1608
1109
58
386
63
62
55
358
58
63
55
54
827
59
52
51
58
59
59
54
867
819
144
121
282
47
191
1732
565
62
59
56
45
55
62
51
58
51
58
51
56
51
58
51
57
51
58
51
56
51
422
58
895
59
59
883
56
49
210
75
196
66
186
67
60
55
54
879
59
52
57
51
50
55
52
47
54
911
59
48
55
50
879
63
43
58
883
55
58
59
55
879
70
67
64
61
55
891
66
999
79
74
63
54
59
56
47
54
891
55
48
55
815
58
59
56
65
55
50
919
2119
524
889
978
2027
1424
1405
806
59
55
62
55
52
51
50
47
635
54
1479
264
241
206
123
59
55
212
285
50
310
55
47
54
599
59
55
54
59
52
47
54
671
47
603
96
137
130
187
184
1845
122
47
479
54
59
56
55
50
1087
59
55
54
59
56
53
47
54
59
56
51
1943
535
184
233
130
47
291
180
1961
54
51
47
194
48
543
47
539
83
58
527
112
105
1682
59
58
55
52
83
932
621
55
50
519
59
50
63
55
50
47
1379
55
200
1253
50
56
110
543
1756
885
206
43
555
63
58
55
58
51
47
94
571
80
73
106
51
132
70
59
55
58
55
52
49
51
86
615
1820
961
294
91
296
265
59
74
627
56
63
58
59
58
55
52
47
62
58
55
69
67
62
51
60
51
58
57
51
58
51
150
891
448
197
182
54
1955
55
460
397
54
51
48
94
51
50
735
84
61
150
119
51
56
51
148
381
50
1934
51
51
2539
132
125
114
67
1500
54
47
1922
55
50
56
49
659
51
50
763
48
45
1810
71
1885
1826
631
59
58
55
55
59
54
1239
55
50
63
56
1847
55
54
51
48
67
55
1842
671
1704
54
63
63
58
735
1617
59
70
59
52
49
59
1122
1539
907
58
63
52
59
62
61
58
51
838
754
655
72
69
590
87
64
57
62
55
482
58
55
62
67
64
61
59
66
55
52
45
51
62
59
56
47
394
55
62
59
56
53
51
346
1547
160
341
130
171
128
301
66
59
56
45
66
55
783
51
719
70
58
67
56
53
46
67
44
62
51
51
158
58
51
48
47
86
62
1951
80
95
67
64
53
63
751
51
70
70
67
62
59
54
1175
63
47
54
767
63
60
55
54
59
52
57
51
1231
58
63
59
58
59
56
53
50
47
54
683
59
47
54
2427
59
55
50
2271
63
60
57
55
587
58
59
56
45
66
55
54
583
63
60
57
55
50
50
59
56
55
50
591
63
60
51
611
62
659
332
329
306
343
228
225
67
64
57
63
362
66
563
63
59
59
575
66
86
67
72
65
62
59
695
52
59
66
62
59
55
54
443
59
56
53
47
447
47
451
51
58
411
63
55
58
423
63
60
55
50
407
55
54
407
47
407
152
145
126
171
116
93
166
63
56
47
58
63
60
57
55
54
423
59
58
56
47
50
407
51
391
64
83
82
55
60
45
43
58
59
52
45
59
54
415
55
48
54
47
46
435
59
56
55
50
47
431
54
467
64
79
59
52
49
59
94
58
399
55
63
48
59
58
59
52
57
51
50
55
52
51
54
419
47
411
71
66
63
56
45
51
58
55
54
47
46
59
55
54
455
55
55
58
63
60
57
46
55
54
471
55
47
479
51
50
487
63
44
59
58
63
59
523
62
75
68
65
62
59
48
45
58
63
51
50
67
52
51
50
71
53
51
50
587
71
52
51
50
71
53
51
50
599
71
52
51
50
71
47
71
51
58
607
59
44
59
58
59
64
53
59
40
54
59
58
51
50
51
56
51
50
55
51
50
51
56
51
50
679
615
448
445
434
47
491
51
50
420
409
55
51
502
499
68
87
66
58
459
59
80
77
66
75
56
53
463
70
59
52
45
51
459
62
463
59
54
87
60
55
83
52
51
66
71
52
57
47
75
51
62
67
56
51
531
75
51
58
59
64
57
54
51
50
427
431
96
85
139
114
63
48
59
58
63
60
59
54
55
51
50
487
51
50
51
56
51
50
507
51
50
51
56
51
50
55
51
46
551
59
48
59
58
63
60
53
59
54
59
51
50
51
56
51
50
55
51
50
51
56
47
647
55
50
59
55
58
47
54
627
607
304
301
270
47
343
240
217
58
55
66
58
67
56
53
67
58
54
47
47
418
699
50
47
50
719
172
169
162
47
155
164
189
50
51
210
51
50
47
751
50
51
655
59
47
58
59
44
59
58
635
59
55
54
59
56
53
47
50
51
635
59
47
62
59
48
59
58
59
52
47
54
683
59
59
667
50
631
256
345
326
51
363
244
237
50
55
286
619
47
50
575
47
347
116
253
50
47
222
595
216
185
154
355
50
55
48
47
358
579
51
50
156
117
50
47
136
342
575
50
55
47
59
302
591
52
249
47
59
599
58
55
54
51
243
50
599
56
49
215
51
50
599
227
55
52
51
50
631
59
230
59
55
62
67
64
61
58
55
44
54
59
48
47
57
623
55
54
719
59
56
53
51
495
58
623
312
89
307
63
56
62
47
47
326
62
55
52
47
90
51
78
695
88
77
74
115
72
74
703
51
58
79
76
69
66
75
56
66
63
48
59
58
51
48
47
54
59
55
58
55
52
47
150
51
138
815
104
97
82
151
80
77
66
63
55
66
63
60
53
59
58
51
48
58
47
62
55
58
63
52
57
50
47
150
62
59
56
55
62
61
58
51
56
58
51
51
58
56
53
51
58
55
54
51
58
56
53
51
58
55
54
51
58
52
51
58
55
53
51
58
56
54
51
58
51
302
62
55
62
59
56
51
58
55
53
51
62
59
52
59
270
62
57
51
58
51
56
51
130
1207
376
225
178
435
176
169
66
1111
51
58
51
100
73
67
62
60
51
66
66
62
83
72
89
70
83
64
57
62
71
47
154
66
1155
135
62
83
48
55
58
983
48
73
91
103
55
70
62
963
51
107
64
61
51
99
51
58
99
56
53
51
75
70
999
59
48
67
70
1167
67
44
59
58
63
52
1191
51
50
971
63
59
58
991
63
59
62
887
75
59
80
77
74
71
60
57
70
63
56
55
54
75
53
51
75
47
62
67
56
53
51
50
63
48
59
58
951
63
60
47
51
987
58
979
360
357
366
403
59
55
352
337
426
54
939
59
47
50
51
747
59
47
767
62
75
59
79
74
59
51
50
771
55
711
276
261
250
231
248
341
58
55
314
827
70
603
219
54
71
76
69
54
63
44
58
47
47
57
178
58
55
70
627
192
177
150
267
62
51
47
148
257
50
607
48
77
74
235
43
70
599
236
473
166
607
55
47
50
51
332
51
70
651
276
93
382
203
68
149
66
58
51
71
66
59
72
65
42
55
62
51
64
118
66
51
44
59
90
62
731
80
77
115
59
52
65
47
70
739
64
57
386
427
58
51
59
172
417
50
62
55
52
755
56
401
47
419
62
799
344
51
67
58
55
52
322
59
50
703
61
58
47
335
62
663
59
58
71
58
51
767
54
51
80
369
62
47
56
49
79
50
51
342
703
191
62
51
63
62
60
57
54
51
58
55
51
56
58
56
53
51
58
55
54
51
58
56
53
51
58
55
54
51
58
56
53
51
174
54
51
58
51
51
58
51
56
51
58
51
57
47
326
51
110
58
911
320
277
142
391
63
60
57
55
144
93
62
931
51
67
60
66
55
50
943
51
50
919
51
50
911
64
61
79
51
48
47
102
54
1219
51
59
55
50
1039
63
60
59
50
47
759
54
51
799
59
56
51
58
67
51
56
73
50
67
44
41
66
59
47
55
54
1079
59
56
53
51
50
46
1215
63
56
55
54
59
52
51
50
59
55
54
59
52
47
50
751
51
979
272
269
266
287
256
189
310
59
47
66
47
991
54
795
72
49
71
59
55
78
495
51
66
71
68
53
50
63
56
523
78
71
68
53
50
63
48
62
495
63
60
55
54
59
57
54
51
50
55
52
51
50
55
53
51
50
55
52
51
50
55
53
51
50
55
52
47
54
51
591
59
56
53
47
551
54
59
56
49
55
50
523
59
55
62
59
64
53
51
50
55
54
51
50
59
48
45
59
58
551
503
188
169
82
339
310
63
60
57
55
50
50
59
48
45
55
62
535
63
60
51
50
51
57
51
50
51
51
50
51
56
51
54
59
59
58
63
52
45
51
54
639
59
56
55
50
647
59
48
45
59
58
63
60
57
51
50
679
679
172
149
146
51
50
243
124
69
242
55
47
695
55
54
59
56
47
50
719
51
687
64
107
102
59
52
47
62
59
48
59
58
59
52
57
51
50
55
51
54
583
47
50
535
63
56
51
50
535
47
63
56
47
58
495
51
50
439
351
148
145
114
211
63
44
59
92
89
66
55
51
194
54
355
71
67
55
74
66
371
80
71
68
61
58
67
52
45
371
66
67
60
51
50
371
63
60
57
55
50
391
43
50
375
51
323
76
69
74
119
126
59
48
47
58
49
59
56
55
50
331
331
67
62
59
55
50
63
55
50
351
63
59
62
63
60
55
375
62
67
65
59
58
63
56
45
54
411
51
50
411
51
50
415
59
48
45
59
66
399
71
68
61
67
58
63
60
49
59
58
367
59
48
58
47
56
54
383
59
56
55
54
375
63
59
54
59
56
53
47
54
59
48
55
50
49
391
59
56
45
55
54
63
60
51
50
431
59
55
50
439
51
50
415
63
60
57
55
58
63
60
59
58
59
53
47
50
51
451
59
52
49
62
439
51
59
52
47
62
45
63
56
55
54
491
59
55
54
59
56
53
51
50
47
527
54
495
644
629
638
671
59
48
55
608
581
678
50
511
51
59
56
49
47
531
66
475
248
201
130
95
63
60
55
116
285
174
46
483
47
50
507
59
55
48
55
94
58
503
392
233
190
95
156
101
59
55
54
59
56
53
50
47
54
59
56
55
54
551
63
60
55
50
63
55
50
551
63
60
55
54
59
57
47
58
59
603
62
59
59
623
58
615
192
185
170
259
59
56
67
172
157
58
63
53
51
234
54
647
59
68
53
59
54
59
52
58
47
54
675
59
56
55
50
671
47
54
655
59
52
49
59
50
46
671
63
55
54
59
52
47
58
635
51
591
292
289
186
267
304
273
58
63
60
57
55
254
843
64
95
66
71
68
49
63
58
59
52
58
51
50
599
59
48
59
58
59
57
54
47
50
47
635
54
959
200
297
210
219
59
55
164
125
62
59
52
51
174
58
639
72
91
59
65
59
883
66
70
67
64
62
55
587
67
62
62
67
60
49
59
58
571
59
64
45
50
59
58
59
55
50
607
63
60
55
58
63
60
49
59
58
611
59
48
58
47
56
50
603
51
59
52
47
62
711
63
51
54
59
56
55
50
595
59
55
62
59
47
631
647
264
249
242
47
319
176
173
58
55
310
631
62
51
44
51
54
639
96
89
54
79
48
117
110
55
51
50
847
59
55
54
543
59
52
49
59
50
46
63
56
55
54
59
52
57
51
54
599
59
55
607
58
63
60
55
54
487
59
55
54
431
63
60
55
54
59
53
47
50
47
455
50
435
348
313
366
275
256
193
63
51
278
58
467
51
59
56
51
50
471
63
55
54
63
60
57
51
50
511
63
48
59
66
63
60
55
54
59
57
51
50
559
63
60
55
50
575
47
54
59
56
55
50
611
47
615
47
54
619
51
59
47
58
47
663
54
687
360
341
378
51
51
335
452
305
50
47
406
54
599
43
50
535
224
217
186
51
51
131
192
253
50
48
47
186
551
50
47
559
64
55
147
50
55
48
47
102
62
58
67
56
53
46
67
52
78
58
75
68
65
58
75
64
53
222
66
55
55
62
51
47
250
58
63
51
94
719
264
305
226
211
59
148
137
58
51
51
78
719
52
49
50
84
73
110
51
51
48
111
50
51
51
48
132
645
50
51
562
51
48
50
759
704
541
490
51
491
50
47
55
452
50
56
47
82
791
452
57
767
62
59
56
55
62
61
54
51
58
55
52
51
58
53
51
490
54
51
51
58
56
53
51
434
58
51
51
58
51
58
51
56
51
58
57
51
346
58
883
200
405
170
539
62
59
55
168
389
1043
87
62
60
57
54
51
58
55
47
56
110
47
70
50
931
184
181
78
51
99
92
89
58
51
86
947
64
61
75
58
55
52
47
62
59
56
45
55
78
62
967
47
59
66
59
50
943
55
54
59
56
53
51
50
935
47
911
60
57
50
99
50
51
118
51
48
911
58
51
48
59
919
51
58
1091
47
51
74
939
58
51
75
62
55
50
843
56
51
51
72
49
47
51
50
735
51
56
51
54
1371
47
1051
71
54
70
59
55
655
55
62
63
55
54
59
56
53
51
567
58
439
44
71
59
56
67
58
63
53
58
51
126
451
51
58
52
51
343
58
51
57
51
295
58
56
54
51
58
307
55
54
63
48
55
50
251
63
60
57
47
50
51
263
59
51
58
59
56
53
51
50
55
54
51
50
59
48
45
59
58
323
63
60
57
55
54
59
58
51
58
335
51
199
184
81
78
215
68
65
214
59
56
51
50
51
50
167
123
75
58
63
59
58
63
60
59
54
59
57
51
50
147
63
59
50
63
51
50
179
59
48
59
58
59
47
191
50
51
155
59
52
62
143
51
135
228
173
170
215
168
153
54
47
210
131
44
59
143
59
55
66
62
71
63
167
56
67
58
62
59
55
187
48
55
58
55
58
55
52
49
47
94
223
75
62
59
51
62
239
60
47
58
55
51
231
55
62
55
62
59
51
82
62
51
59
82
62
43
52
51
58
63
52
51
58
51
47
114
58
51
48
59
58
55
52
49
47
118
387
172
165
146
187
108
101
58
51
58
55
52
49
47
94
427
87
62
59
56
45
55
62
443
59
48
66
59
58
463
59
64
45
50
59
58
55
47
56
46
59
52
59
54
59
53
47
499
51
58
495
71
52
67
66
63
61
54
51
54
51
527
67
60
53
46
51
62
471
63
60
55
54
59
53
51
50
59
48
45
59
58
423
63
60
57
55
54
59
58
56
47
50
423
51
287
280
273
270
359
256
217
326
59
47
54
51
271
59
56
49
47
58
279
47
239
50
231
72
69
66
43
119
58
76
73
110
59
48
67
66
67
60
65
55
54
59
47
54
303
51
255
76
73
62
123
102
59
56
51
58
59
57
51
50
63
44
59
58
315
63
60
53
59
48
62
67
52
66
59
343
58
359
143
63
60
57
54
51
138
58
359
55
63
48
45
59
66
63
60
59
54
59
57
51
50
419
423
60
57
54
95
51
60
98
403
66
63
60
53
59
59
62
59
52
59
62
61
54
51
90
58
447
75
63
48
45
59
66
66
399
51
63
60
55
54
59
57
54
51
50
51
56
43
50
375
51
59
51
50
359
59
59
58
63
60
53
59
303
48
62
67
52
66
59
54
315
63
59
54
59
59
54
59
56
51
50
51
57
51
223
47
54
223
63
48
59
58
63
56
51
195
58
51
187
54
203
300
273
270
51
51
335
224
213
54
52
49
350
203
51
71
62
211
60
55
62
59
55
62
211
59
54
51
75
55
54
67
59
50
59
56
71
55
50
55
48
67
55
58
65
55
58
63
56
54
47
162
58
55
62
59
47
110
62
55
52
49
47
102
47
70
415
136
117
114
179
54
51
48
47
124
129
435
80
51
63
58
55
52
49
47
78
443
51
66
451
62
67
60
57
54
75
459
51
56
70
467
67
60
57
50
67
44
58
59
52
51
50
487
63
55
68
53
50
67
44
66
59
52
47
62
547
67
67
58
563
51
58
571
59
59
54
563
63
60
49
46
55
62
63
60
55
54
59
53
51
50
603
63
55
54
59
52
49
47
50
47
635
63
56
51
50
543
51
507
248
245
238
283
54
47
236
165
282
507
58
63
56
53
51
511
51
58
51
51
523
58
56
53
51
58
335
59
48
45
66
59
58
343
63
55
54
51
347
62
75
68
61
67
379
62
67
52
67
367
70
63
60
53
59
355
62
63
52
59
375
74
71
48
69
62
59
48
58
391
63
55
54
63
59
58
415
63
60
57
54
51
58
419
63
44
59
64
58
435
63
56
51
50
51
57
51
50
55
52
51
50
51
57
47
47
511
507
388
381
350
47
415
54
51
364
361
422
51
48
50
47
535
50
547
116
113
103
63
56
55
98
58
463
66
91
124
58
63
59
54
59
56
53
50
47
54
59
56
51
50
487
63
55
54
59
59
499
495
96
89
70
119
62
59
76
65
50
122
51
47
523
67
54
51
58
51
44
523
80
51
50
67
51
56
519
59
58
59
58
507
59
54
59
71
62
47
63
67
82
551
74
63
68
45
63
54
67
66
563
63
63
67
58
579
44
51
74
59
64
51
50
54
551
51
59
52
54
53
563
51
50
51
56
51
50
55
53
51
50
603
63
44
59
58
575
63
60
59
54
59
57
54
51
50
51
56
51
50
51
51
46
59
55
639
54
59
59
50
687
59
48
45
59
58
611
63
60
51
50
51
50
571
555
248
173
162
51
323
164
161
58
55
51
58
56
53
47
346
54
587
67
59
56
49
55
50
607
63
60
51
50
547
63
43
51
50
495
395
88
81
86
115
59
55
80
69
50
130
59
47
58
419
67
63
56
45
83
74
59
64
55
431
58
387
144
137
114
155
59
48
59
112
101
58
162
55
52
45
51
54
423
59
56
53
51
50
439
59
59
54
63
60
51
50
447
451
92
85
70
51
159
68
65
118
47
54
463
44
63
55
51
50
44
483
51
50
479
51
75
55
70
499
58
51
64
59
50
59
55
52
49
515
55
54
59
55
54
59
56
53
51
46
483
51
50
483
51
50
51
56
51
50
55
51
50
503
63
55
58
63
52
49
59
535
58
63
55
54
535
63
60
47
47
531
519
216
213
166
55
54
275
172
165
250
55
52
49
47
50
535
47
551
64
59
50
98
51
471
72
51
62
59
55
82
467
76
57
50
55
58
51
48
59
50
487
49
51
48
47
54
455
59
56
55
54
59
52
57
47
403
54
363
52
51
51
83
50
51
90
51
48
50
51
363
347
63
62
51
59
62
60
57
51
82
58
383
71
59
44
66
59
58
395
63
60
55
54
59
57
54
51
50
51
56
51
50
55
53
51
50
51
56
51
50
55
53
51
50
51
56
47
54
51
511
59
56
47
523
66
59
48
65
46
55
62
551
59
55
62
59
64
47
50
51
591
59
51
50
603
51
56
51
58
623
59
55
58
63
60
53
59
50
607
663
244
225
166
363
164
157
382
59
44
59
58
59
55
527
54
47
519
54
59
56
51
46
343
59
55
54
59
56
53
47
54
59
56
49
55
335
58
59
66
51
50
59
55
50
63
60
57
55
54
59
52
58
51
50
55
52
51
50
59
47
447
47
431
51
435
316
309
306
339
58
288
277
342
63
55
50
439
47
439
84
73
70
119
54
116
125
70
59
51
50
51
56
51
50
55
53
51
50
495
63
44
59
58
63
60
59
54
511
59
57
54
51
50
51
56
51
46
535
51
51
50
51
56
47
50
559
51
543
248
305
174
223
164
145
59
56
51
278
66
67
65
59
58
59
56
45
54
47
579
543
72
65
62
47
119
64
69
62
59
126
535
63
66
71
60
57
46
55
62
47
56
51
94
66
66
595
64
61
55
99
66
71
56
86
47
70
631
68
61
90
62
51
87
76
59
70
66
655
59
72
69
54
67
52
45
70
67
59
50
695
59
55
54
59
52
57
50
47
50
671
47
671
104
97
58
127
54
130
59
51
54
699
59
56
49
55
50
719
63
60
57
55
54
59
51
54
679
51
755
62
75
68
61
54
75
48
70
63
51
57
46
59
59
643
66
63
60
53
59
54
59
54
51
50
51
56
51
671
58
63
44
61
59
58
63
52
55
54
711
59
52
49
47
671
62
647
292
285
278
55
367
62
59
56
53
51
384
301
58
51
58
51
342
675
58
51
56
51
595
58
51
57
51
58
519
59
59
48
59
58
59
47
54
511
59
56
55
50
511
59
55
54
59
56
53
51
50
46
63
56
55
50
507
63
60
59
58
59
48
57
54
47
50
51
523
50
503
184
169
98
219
63
56
45
55
72
54
234
51
47
519
67
62
523
67
60
57
50
67
44
58
59
52
51
50
543
47
547
71
54
78
59
48
55
50
551
63
55
50
63
48
57
51
50
543
63
48
59
58
59
48
57
47
50
575
51
567
116
101
66
151
150
59
56
47
58
63
60
57
55
54
59
48
54
47
60
46
607
59
55
50
63
52
49
47
50
47
659
50
551
64
57
47
55
48
115
50
49
47
110
543
62
59
56
49
55
511
58
55
48
54
47
479
54
439
53
51
51
58
391
58
51
59
55
399
64
57
59
58
51
71
62
59
387
60
57
51
50
43
50
63
355
51
50
47
44
335
51
50
51
51
47
279
51
50
67
64
61
51
56
83
59
102
59
74
51
62
75
68
61
54
75
62
51
55
62
59
47
98
51
94
83
88
81
74
115
62
59
52
59
80
73
62
51
59
62
60
57
47
94
66
99
64
45
95
70
58
75
72
57
54
67
59
58
47
74
62
79
68
75
62
59
56
55
62
51
51
58
51
51
90
58
55
55
58
47
62
59
56
45
55
126
62
51
47
102
131
128
113
102
163
100
69
62
59
52
59
50
79
49
59
51
48
47
54
55
51
58
63
52
59
54
51
63
59
50
60
57
55
54
51
48
67
51
50
59
50
59
56
49
79
55
50
59
59
50
59
56
49
55
54
55
54
51
47
56
51
50
43
51
48
50
47
47
48
58
55
55
59
58
51
56
49
55
54
55
51
62
59
52
51
51
58
51
47
62
59
58
51
59
50
48
62
51
47
54
51
67
55
50
67
55
54
51
67
55
67
58
51
64
49
59
58
51
48
58
47
58
51
59
62
51
60
51
58
51
51
58
51
56
51
58
51
57
51
58
51
56
51
58
51
57
51
238
58
51
56
47
158
62
59
47
86
62
59
56
45
55
62
58
51
58
55
52
51
110
58
51
59
58
64
57
54
47
114
263
156
161
94
307
62
55
51
100
58
51
51
58
51
58
55
52
51
106
58
51
66
59
56
53
51
110
107
80
131
58
54
51
58
55
52
49
47
86
47
62
59
56
47
51
62
51
47
54
51
78
51
70
75
68
87
66
63
60
53
59
58
55
52
49
47
78
51
62
59
51
58
55
52
51
58
51
51
58
51
56
51
58
51
57
51
58
56
47
146
62
59
56
49
55
58
55
52
49
47
54
51
47
62
51
56
47
138
62
59
51
78
66
159
72
219
63
68
57
62
55
62
51
47
74
63
75
62
59
52
49
59
58
54
59
55
62
51
70
58
75
72
53
71
62
51
51
86
62
59
86
75
68
57
54
95
66
55
52
48
51
62
58
51
59
59
58
56
55
54
51
71
55
78
64
57
59
58
51
71
62
59
60
57
54
59
52
58
51
59
60
57
54
51
50
43
52
51
50
47
55
59
58
51
59
50
59
54
59
50
67
63
55
54
51
67
55
54
51
48
75
59
71
55
67
63
142
70
99
96
93
82
63
75
72
65
54
63
62
62
59
47
60
57
59
54
51
47
59
54
51
48
47
54
51
48
47
62
59
56
45
55
62
51
58
47
59
54
51
51
52
49
47
51
58
62
59
56
49
55
50
55
52
49
47
50
59
55
62
62
59
56
49
55
50
47
55
47
42
48
62
51
50
47
44
51
58
55
52
51
50
49
46
47
67
63
70
59
70
67
60
55
62
55
52
49
47
78
67
62
59
56
55
47
62
61
58
51
58
51
56
51
47
58
57
51
50
43
56
47
59
54
55
54
51
56
53
51
50
46
55
51
50
47
54
55
52
45
51
46
51
51
50
51
51
51
50
51
51
47
54
54
51
51
52
49
58
51
48
59
58
51
48
57
47
54
51
48
47
54
51
48
47
51
51
50
51
66
51
48
58
51
48
59
50
47
55
48
47
54
51
48
47
54
51
48
47
54
51
48
47
54
51
48
47
54
51
48
47
54
51
48
47
54
51
51
51
58
55
62
59
52
59
54
53
50
48
51
50
47
44
51
50
47
44
51
47
58
55
51
58
55
52
51
58
57
54
47
59
55
62
59
58
55
52
47
62
62
59
56
45
55
51
62
51
62
59
56
49
55
82
79
58
55
52
47
58
55
55
78
62
51
51
58
55
90
66
59
47
62
59
56
49
55
118
58
55
52
49
47
102
159
148
137
130
187
124
117
62
59
56
55
123
62
61
58
51
56
47
58
55
51
58
55
52
51
58
57
54
51
47
58
55
47
51
70
59
58
51
48
75
55
66
62
67
60
57
54
75
58
55
52
51
58
51
57
51
58
51
56
150
47
110
59
64
57
147
62
59
56
49
55
58
55
52
49
47
54
51
48
47
54
51
48
47
54
51
48
47
54
51
48
47
54
51
48
47
54
51
48
47
54
51
48
47
54
51
51
51
58
58
51
56
51
58
57
54
51
51
66
66
63
60
53
50
59
58
55
52
49
47
51
58
55
52
51
55
54
51
59
55
54
51
63
58
55
52
59
47
66
62
71
68
55
63
48
45
59
58
51
51
51
58
51
56
47
59
62
59
56
55
62
61
58
51
56
58
55
52
51
58
57
54
51
50
47
44
51
50
47
44
51
55
54
43
51
63
54
51
48
55
54
51
48
47
54
51
48
47
54
51
48
47
54
51
48
47
54
51
48
47
54
51
48
47
54
51
48
47
54
51
48
47
54
51
48
47
54
51
48
47
54
51
48
47
54
51
48
47
54
51
47
59
54
51
47
59
54
51
48
47
62
59
56
55
54
53
50
48
51
50
47
44
51
50
47
44
51
50
47
44
47
59
54
55
54
55
51
56
47
54
54
51
48
47
47
54
51
47
58
52
51
51
49
50
51
51
48
50
51
51
48
50
47
54
67
55
54
51
59
50
60
57
87
59
54
47
63
63
110
62
59
68
57
46
55
44
47
62
51
51
58
51
51
47
58
56
47
62
62
59
56
49
55
51
58
51
55
62
59
58
55
52
49
47
51
50
47
62
62
59
56
45
55
62
51
58
51
51
58
51
51
50
51
51
47
54
54
51
51
52
49
50
51
55
54
51
51
52
49
50
51
51
48
50
51
51
48
50
51
51
48
50
51
51
51
50
51
51
48
50
51
51
48
47
51
50
55
52
51
50
51
55
50
62
51
48
47
67
54
51
48
47
51
50
47
62
62
59
56
45
55
62
51
58
51
58
51
56
47
59
54
51
51
52
49
50
51
51
48
50
51
55
54
51
51
52
49
50
51
51
48
47
51
50
51
47
58
63
55
54
67
51
56
49
66
51
50
43
63
56
51
50
47
45
51
50
43
56
51
50
47
45
51
50
43
56
51
50
47
55
59
58
55
52
51
55
54
51
63
54
51
48
66
55
54
51
48
47
47
54
54
51
47
56
49
51
58
55
62
55
52
49
63
55
54
51
48
47
54
51
48
47
54
51
48
47
51
50
51
55
54
51
47
56
49
47
51
46
58
51
51
50
48
51
51
50
48
51
51
50
51
51
51
50
48
51
51
50
48
51
51
50
48
51
51
50
48
51
51
50
48
51
51
50
48
51
51
50
48
51
51
50
59
54
51
63
54
51
48
47
54
51
47
59
54
51
48
47
54
51
48
47
47
54
51
55
50
55
47
56
49
50
51
51
48
50
51
51
48
55
50
59
54
51
59
52
54
53
46
51
54
51
48
47
54
51
48
47
54
51
48
47
54
51
48
47
54
51
48
47
54
51
48
47
54
51
48
47
54
51
48
47
51
50
43
56
51
55
54
51
59
52
47
54
49
47
54
47
55
55
54
51
48
55
54
51
48
47
54
51
48
47
54
51
48
47
54
51
48
47
54
51
48
47
54
51
48
47
54
51
47
59
54
51
47
59
54
51
48
47
51
50
43
56
51
50
47
47
51
51
58
47
59
56
54
51
44
51
47
54
51
51
51
51
58
52
51
50
43
49
51
50
43
51
51
50
51
50
51
51
44
51
47
54
43
56
51
50
47
55
59
58
51
59
59
60
53
59
59
58
51
58
59
48
60
57
51
50
43
50
51
50
43
51
51
50
51
51
51
50
44
51
51
50
43
56
51
50
43
51
54
51
51
51
60
47
58
55
47
56
51
50
51
51
51
50
47
58
51
48
59
78
75
58
55
52
49
47
62
59
56
55
62
61
58
51
56
58
55
52
51
58
57
54
51
58
55
52
51
58
57
54
51
47
58
55
51
58
55
55
59
58
56
55
54
47
59
48
59
50
51
51
51
58
47
55
62
51
58
51
47
62
59
56
55
70
62
67
56
63
62
55
53
62
51
54
52
47
150
51
126
58
115
92
81
74
143
63
60
49
59
80
66
51
47
74
63
75
62
59
56
55
54
53
50
48
51
50
47
44
51
50
47
47
51
50
47
55
47
54
59
55
60
55
54
51
48
47
50
59
59
50
59
59
54
55
50
59
59
54
59
52
49
55
54
51
48
47
54
51
48
47
47
47
62
54
63
51
51
63
47
62
59
48
59
47
58
57
47
62
51
48
59
58
51
57
47
59
62
59
56
49
55
50
46
51
51
50
51
51
48
47
51
50
51
51
51
47
58
55
51
55
54
51
56
53
51
58
55
48
54
47
62
59
56
45
55
54
50
51
51
50
48
51
51
50
48
47
50
55
47
59
50
56
47
59
58
71
64
57
46
63
58
51
63
51
56
50
55
52
51
50
55
53
51
50
51
51
58
58
55
52
51
50
49
51
47
59
54
51
48
47
49
50
51
51
48
50
49
47
50
55
48
47
49
50
51
51
48
50
49
47
50
55
47
48
59
50
51
51
48
50
49
47
51
58
55
52
51
53
50
47
51
50
43
56
51
50
47
45
51
50
59
59
62
55
82
58
83
72
79
71
64
61
50
59
48
51
66
59
55
62
51
62
59
43
58
59
64
51
50
63
54
51
50
59
51
56
51
58
55
53
47
59
54
51
47
56
49
50
51
51
48
50
51
51
48
50
51
51
48
47
51
50
51
51
51
50
48
51
51
50
59
58
59
54
59
50
67
79
67
62
75
63
62
59
56
53
46
51
54
51
48
47
47
54
55
52
45
51
46
51
51
46
52
51
45
51
46
51
51
46
52
51
45
51
46
51
51
46
52
51
45
51
51
50
47
62
62
59
52
49
59
51
66
59
66
47
62
55
52
45
51
51
90
66
62
59
68
57
55
91
58
55
52
70
59
57
63
59
58
67
58
51
48
67
67
58
51
57
47
56
50
50
47
47
51
50
47
55
48
58
57
55
62
59
56
49
54
47
51
47
58
55
50
63
52
47
54
67
51
56
51
50
55
53
51
55
50
51
62
51
44
51
47
54
43
56
51
46
55
51
58
58
51
56
51
50
49
46
51
50
43
56
51
50
47
45
51
50
43
56
51
46
43
55
51
50
43
56
51
50
47
47
51
50
47
55
51
50
48
47
51
50
47
55
51
50
51
51
58
51
58
51
54
51
59
55
54
59
52
49
59
55
54
51
44
51
54
51
48
47
47
62
62
59
56
49
55
50
51
51
54
55
54
51
56
53
51
50
46
55
48
47
54
51
48
47
51
50
51
51
54
52
47
59
54
51
48
47
54
51
48
47
54
51
47
59
54
51
48
47
54
51
48
47
50
59
59
54
59
52
49
47
54
51
48
47
54
51
48
47
54
51
48
47
54
51
48
47
54
51
48
47
54
51
48
47
54
51
48
47
54
51
48
47
47
54
47
55
47
54
48
51
51
50
48
51
51
50
48
51
51
50
48
51
51
50
48
47
51
50
63
59
70
59
62
59
56
53
51
58
55
55
59
58
51
48
45
59
58
51
98
58
55
51
58
56
51
102
58
55
51
58
56
51
90
58
51
57
51
58
56
54
51
90
159
156
141
110
195
58
51
57
51
58
56
54
51
58
51
57
51
58
56
54
51
58
51
57
51
58
56
54
47
59
54
55
50
59
55
52
49
47
62
59
56
45
55
47
62
58
47
62
55
52
45
51
47
54
43
58
63
47
63
54
51
47
56
49
78
58
59
63
62
55
66
63
48
45
59
66
55
52
49
47
54
51
48
47
54
51
48
47
54
51
48
47
54
51
48
47
51
50
47
55
47
54
54
51
51
48
63
50
47
59
50
55
51
50
51
51
54
51
50
59
55
52
51
50
49
51
51
50
48
51
51
50
51
51
51
50
51
51
51
50
48
51
51
50
51
47
58
55
51
55
54
51
56
53
51
50
47
55
51
50
48
51
49
47
54
51
48
47
54
51
48
47
54
51
48
47
54
51
47
59
54
51
48
47
54
51
48
47
54
51
48
47
54
51
48
47
54
51
48
47
54
51
48
47
54
51
48
47
54
51
48
47
54
51
48
47
54
51
48
47
54
51
48
47
54
51
48
47
47
54
51
55
54
51
48
47
54
51
48
47
54
51
47
59
54
51
48
47
51
50
55
52
51
50
49
51
51
50
48
51
51
50
48
51
51
50
48
51
51
50
48
51
51
50
48
51
51
50
48
51
51
55
50
47
62
55
50
56
49
47
47
54
47
47
54
51
48
47
54
51
48
47
54
51
48
47
51
50
55
62
47
59
58
51
48
47
54
51
48
47
62
59
56
45
55
62
51
58
51
50
48
51
47
59
54
51
59
50
60
57
51
51
50
50
51
51
48
47
47
54
55
52
45
51
46
51
51
46
52
51
45
51
46
51
51
46
52
51
45
51
46
51
51
46
52
51
47
59
50
62
59
50
59
56
45
51
50
50
51
51
48
50
51
51
48
50
51
51
48
50
51
51
48
50
51
51
48
50
51
51
48
50
51
51
48
50
51
55
54
51
51
52
49
50
51
51
48
50
51
51
48
50
47
59
54
51
47
48
59
58
51
48
59
58
51
48
57
47
51
50
51
59
59
58
51
56
51
53
50
50
51
51
48
47
47
62
55
54
51
67
56
53
51
55
54
51
51
52
54
51
47
59
54
51
51
55
50
55
52
49
47
70
54
51
48
47
54
51
47
59
54
51
48
47
54
51
48
47
54
51
48
47
47
54
55
52
45
51
46
51
51
46
52
51
45
51
46
51
51
46
52
47
51
50
47
52
51
55
50
47
62
55
51
58
55
62
59
56
49
47
78
63
62
59
56
45
55
62
51
58
47
59
54
51
51
55
54
51
63
66
63
60
53
50
59
58
55
52
49
47
54
51
48
47
54
51
48
47
51
50
51
62
51
63
50
55
48
47
49
50
51
51
58
58
55
52
51
58
51
57
47
59
51
62
58
67
51
63
60
55
54
51
59
52
49
47
54
51
48
47
51
50
55
52
47
59
54
51
48
47
49
50
51
51
48
50
49
47
51
47
58
55
47
48
62
58
51
48
59
50
47
55
51
42
48
55
51
46
58
51
51
58
56
53
47
59
50
55
47
56
49
50
51
51
48
50
51
51
48
50
47
59
55
62
62
59
56
53
47
59
54
51
48
47
47
54
55
52
45
51
46
51
51
50
51
51
51
50
48
51
51
50
48
51
51
50
48
51
47
59
54
47
58
50
43
67
59
50
71
51
63
52
51
50
51
57
51
50
51
51
51
58
51
56
51
50
45
51
51
50
51
51
51
50
48
45
51
55
50
51
51
44
70
47
54
51
75
55
78
58
51
72
65
59
50
59
55
52
49
47
51
50
47
62
59
56
55
78
62
61
58
51
56
58
55
52
51
51
58
53
51
58
55
52
47
59
54
63
62
59
56
53
46
51
54
51
47
59
54
51
48
47
54
51
48
47
54
51
48
47
54
51
47
59
54
51
48
47
54
51
48
47
54
51
48
47
47
54
51
55
54
51
48
47
54
51
48
47
54
51
47
59
54
51
48
47
54
51
48
47
54
51
48
47
54
51
48
47
47
54
51
54
59
52
51
53
51
50
51
51
48
47
51
55
62
59
52
59
62
61
58
51
56
55
54
51
47
59
54
59
58
55
52
49
71
55
50
59
54
51
48
55
55
75
59
75
58
63
56
55
55
70
63
60
53
50
59
58
51
48
47
60
146
143
132
125
62
59
56
55
62
51
61
58
51
58
51
56
51
47
58
57
47
62
55
54
51
67
56
53
51
50
51
55
54
51
47
56
51
50
51
51
48
47
51
50
43
56
51
58
55
53
47
59
54
55
50
59
55
52
49
47
51
50
47
62
59
58
47
59
59
58
63
60
57
55
54
59
58
51
56
50
51
51
58
55
54
51
59
52
47
54
51
51
58
51
47
56
49
46
51
50
51
51
51
50
48
45
51
46
51
63
59
58
56
59
59
71
67
59
74
71
68
66
63
60
53
50
59
50
55
52
49
47
54
51
48
47
54
51
48
47
54
51
48
47
54
51
48
47
54
51
48
47
54
51
48
47
54
51
48
47
51
50
55
62
62
59
56
53
51
58
51
48
58
47
54
51
48
47
54
51
48
47
54
51
48
47
54
51
48
47
51
50
51
51
51
50
48
51
51
50
48
51
51
50
51
55
50
55
52
47
70
59
50
47
70
63
58
63
56
49
55
50
55
52
49
47
51
54
63
59
66
59
58
67
56
55
58
55
53
47
70
51
62
52
51
58
55
53
51
55
54
51
51
63
54
52
49
47
54
51
51
51
58
58
55
52
51
50
51
51
58
51
56
53
51
50
46
55
48
47
47
54
51
55
54
51
47
54
54
51
48
47
47
54
51
54
59
52
51
53
50
50
47
59
54
55
50
59
51
48
47
71
62
67
64
53
50
63
62
55
55
52
55
54
67
59
66
59
48
55
62
47
58
57
51
58
47
52
59
58
51
48
57
47
54
51
48
47
54
51
48
47
47
54
47
62
55
58
63
52
49
94
51
58
51
56
51
58
53
51
102
58
51
56
51
54
53
51
62
59
55
118
58
51
58
55
51
58
51
122
58
51
58
55
51
58
56
51
54
51
138
58
47
114
51
58
51
56
51
58
53
51
58
51
56
51
58
57
54
51
54
51
51
58
56
53
47
174
55
142
58
439
412
357
330
447
324
317
63
60
55
62
62
331
67
60
65
59
66
327
67
59
58
59
56
53
47
50
47
371
54
367
96
73
66
51
131
64
57
54
51
47
134
48
395
47
54
51
83
55
50
67
59
54
47
63
63
110
427
70
435
62
75
84
73
62
71
60
57
443
51
62
59
51
58
455
75
64
61
46
59
58
63
51
71
51
66
67
51
50
75
56
51
50
67
53
51
547
71
47
62
63
52
57
50
51
50
583
63
60
59
50
49
59
48
45
55
62
627
63
60
55
54
59
53
51
50
59
48
59
58
611
591
252
213
206
287
160
157
278
59
55
50
63
60
51
50
631
47
50
639
47
587
80
73
66
99
54
106
59
56
583
51
67
58
55
52
51
74
547
53
50
58
51
48
59
543
58
63
60
57
55
54
423
59
54
51
50
55
52
51
50
55
53
51
50
395
55
52
51
50
55
53
51
50
55
52
51
50
55
53
51
50
391
55
52
51
50
55
53
51
50
415
51
407
52
211
54
51
78
403
53
62
59
56
55
54
423
53
50
48
51
50
431
51
51
47
50
447
63
56
49
55
50
443
63
60
57
55
54
59
58
51
56
50
55
51
50
63
60
59
58
59
52
51
50
511
59
56
55
50
515
59
55
50
63
56
53
50
47
54
59
56
47
54
347
51
59
56
51
50
51
57
51
46
379
51
50
51
56
51
50
51
51
50
263
59
48
45
59
58
63
60
55
50
263
55
54
59
56
53
51
50
243
63
48
59
58
55
51
50
63
60
59
58
59
57
51
54
307
67
48
55
54
315
59
59
54
315
59
59
58
59
64
59
58
59
48
57
54
47
46
371
59
48
45
59
58
55
52
47
54
55
52
47
54
59
56
49
55
50
423
63
48
59
58
431
63
60
49
59
58
59
58
51
64
58
439
63
60
55
50
455
63
60
57
55
54
59
48
54
47
60
46
47
495
467
752
737
722
55
54
799
59
56
53
51
724
677
50
894
55
51
491
58
59
64
55
50
515
63
60
49
59
58
63
60
49
59
58
527
59
58
51
56
50
55
52
51
50
555
51
50
555
63
56
55
54
59
52
57
51
50
55
52
47
54
59
55
50
631
51
635
54
627
328
293
266
275
59
56
55
464
249
50
358
51
651
62
663
60
125
110
55
91
58
63
52
96
77
55
62
59
56
53
51
114
62
59
62
59
52
51
90
58
53
51
58
55
52
51
58
57
54
51
118
58
51
48
45
59
74
50
815
208
201
158
287
63
55
176
141
54
59
52
51
50
51
57
47
847
55
50
791
59
56
55
54
59
52
57
47
50
47
54
59
56
55
54
59
57
47
979
55
50
799
63
60
57
55
54
59
52
58
51
50
55
52
47
50
855
51
50
811
264
257
250
307
51
47
252
213
302
54
963
72
51
63
118
59
56
695
88
113
59
66
59
57
54
131
55
62
715
55
54
51
67
50
56
49
47
723
59
55
58
51
48
59
78
58
727
83
63
56
55
66
58
735
59
48
65
46
55
62
751
63
60
57
47
55
50
767
743
64
87
86
63
60
57
55
54
59
52
58
47
54
59
55
50
847
59
59
58
63
60
55
50
679
59
44
59
58
55
52
47
50
599
51
591
160
145
142
195
124
117
182
59
47
50
51
587
591
56
63
58
51
59
70
58
51
76
57
46
67
52
49
126
639
84
91
70
51
59
58
47
56
45
51
78
595
71
58
51
56
47
62
51
48
59
78
58
719
79
59
55
70
58
555
64
49
47
67
54
51
47
74
56
535
47
75
59
54
55
50
63
56
49
87
102
535
84
77
55
54
51
48
55
54
487
59
56
55
59
58
471
59
52
65
50
59
56
54
463
59
52
59
54
59
53
51
50
51
56
51
50
495
55
53
51
50
51
56
51
50
55
53
51
50
543
63
48
45
59
58
63
60
53
59
40
54
59
58
51
50
611
59
48
55
50
63
60
57
55
54
59
58
51
56
50
55
52
51
50
55
53
51
50
55
52
51
50
711
51
703
168
65
323
242
59
56
53
47
54
51
58
51
50
55
52
51
50
51
57
47
55
50
779
783
83
63
60
57
55
86
62
631
47
67
60
66
59
50
63
44
59
58
627
63
60
53
59
40
54
59
58
47
50
51
663
59
56
51
58
59
57
54
47
54
423
51
323
112
61
175
190
59
56
53
51
50
51
46
263
199
52
51
50
83
74
51
183
61
58
51
56
47
151
59
54
47
123
56
50
59
59
54
119
55
54
67
55
54
107
63
60
51
50
83
59
55
58
63
60
53
59
50
95
63
96
89
58
123
122
59
44
59
58
55
52
47
54
59
52
59
50
103
59
44
59
58
55
52
47
51
103
54
79
96
73
70
147
64
59
56
49
55
134
51
58
51
47
54
51
56
49
47
54
51
47
59
54
51
55
54
51
67
59
59
66
59
74
62
75
80
53
71
44
71
70
63
52
62
51
58
51
57
51
58
51
56
47
59
54
51
51
48
63
50
51
54
63
59
54
59
52
71
59
55
66
63
63
62
59
56
53
75
55
54
51
48
55
54
51
48
83
55
54
51
48
55
59
58
55
52
59
50
61
58
51
51
48
50
51
47
63
58
51
48
59
51
58
51
51
50
51
50
43
51
50
59
47
62
55
54
51
48
71
55
54
51
48
47
54
51
48
47
54
51
48
47
54
51
48
47
47
54
51
51
51
46
52
51
47
59
54
51
51
54
51
60
47
46
59
51
51
46
52
51
45
51
46
51
51
46
52
51
47
46
59
51
51
46
52
51
45
51
46
51
47
46
59
51
51
46
52
51
47
46
51
67
59
54
51
60
45
42
51
50
51
47
52
50
47
47
59
50
51
47
52
55
55
62
59
66
63
62
59
56
53
50
71
58
51
47
60
59
50
47
70
67
62
59
56
45
55
62
51
58
51
50
48
51
51
50
48
51
51
50
48
51
51
50
48
51
51
50
48
51
51
50
51
59
59
58
51
56
45
51
50
50
51
51
48
50
51
51
48
50
51
51
48
50
51
51
48
50
51
55
54
59
50
59
56
71
59
50
61
58
51
51
48
50
51
51
50
59
59
58
55
63
62
59
59
58
55
52
51
53
50
51
58
55
62
51
59
66
51
48
59
58
43
59
58
59
62
59
56
53
51
51
58
51
58
51
56
51
58
57
54
47
90
59
55
62
62
59
56
53
51
47
58
62
55
52
45
51
54
51
51
51
58
51
66
63
62
59
56
51
58
58
55
52
49
47
51
50
47
54
54
51
48
47
51
46
58
51
47
59
54
51
48
55
59
54
63
58
55
52
49
47
47
54
55
52
45
51
46
51
51
46
52
51
45
51
46
51
51
46
52
51
45
51
46
51
51
46
52
51
45
51
46
51
51
46
52
51
45
51
46
51
51
46
52
51
45
51
46
51
51
46
52
51
45
51
46
51
51
46
52
51
51
55
50
62
55
58
71
64
57
46
55
44
54
49
51
50
47
44
47
50
55
67
55
50
64
57
51
51
50
47
51
50
55
52
51
50
49
47
47
54
54
51
51
48
63
50
49
47
50
55
48
47
51
43
58
59
64
51
50
63
51
62
59
66
58
71
68
57
54
67
48
45
62
51
51
58
59
54
63
58
55
52
49
47
54
51
47
59
54
51
48
47
54
51
48
47
51
50
47
62
62
59
56
45
55
62
51
58
51
58
51
56
51
55
50
47
62
59
62
43
59
62
51
82
51
58
55
52
49
47
94
87
84
111
62
59
56
47
66
65
59
58
47
52
59
58
51
48
57
47
46
51
48
47
42
51
47
54
54
51
48
47
54
51
48
47
62
59
56
45
55
62
59
59
66
66
63
60
53
50
59
58
51
48
47
60
47
54
51
50
51
51
48
47
47
54
51
50
51
51
48
50
51
47
50
63
59
50
59
56
47
59
50
55
47
56
49
50
51
51
48
50
51
51
48
50
51
51
48
50
51
51
48
50
51
51
48
50
51
51
48
50
51
51
48
50
51
47
55
50
51
51
48
50
51
51
51
50
47
62
58
63
56
55
50
59
51
47
62
62
51
56
51
51
58
55
52
51
58
57
47
90
58
55
86
66
63
60
53
50
59
58
51
60
102
51
74
127
120
69
62
143
76
61
66
55
66
63
52
59
66
58
75
66
63
60
57
50
47
62
59
56
55
58
51
51
150
58
51
48
47
150
51
62
139
112
173
106
171
96
101
66
63
55
58
55
52
51
54
51
47
106
62
59
52
49
59
90
58
167
52
49
123
62
47
66
171
66
59
58
51
59
62
59
68
65
50
59
66
199
67
56
55
68
65
54
183
63
62
59
59
58
59
56
53
50
47
54
59
56
55
54
103
63
58
63
55
54
63
60
57
55
54
59
58
51
56
50
55
51
50
127
116
71
62
59
55
58
63
56
49
55
87
81
71
58
50
63
60
57
51
50
47
55
51
58
56
55
59
58
55
52
51
53
51
50
47
54
63
59
56
49
55
55
54
51
51
52
54
51
49
47
54
51
48
47
54
51
51
55
50
62
55
52
49
47
51
55
62
51
48
59
58
51
90
66
63
60
55
66
63
60
53
59
106
58
51
58
47
102
58
55
70
63
59
58
51
64
57
47
62
59
56
55
134
62
61
58
51
56
58
55
51
58
55
52
51
54
53
47
186
58
51
48
59
122
58
55
58
55
52
49
47
62
59
56
51
110
58
51
62
59
52
49
59
58
55
52
49
47
62
59
56
51
58
55
51
162
58
56
53
51
58
55
51
58
56
53
51
58
51
58
51
202
58
56
53
51
58
51
58
51
122
58
51
48
45
59
82
575
544
529
514
603
496
489
58
63
52
59
40
479
62
61
58
51
55
47
62
435
54
51
48
67
50
47
54
447
51
56
51
50
55
53
51
50
51
56
51
50
487
55
53
51
50
51
56
51
46
51
51
50
51
56
51
50
55
53
47
555
55
50
559
63
60
57
55
54
59
52
58
51
50
55
52
51
50
55
52
51
50
59
59
50
647
51
50
619
63
48
59
58
639
63
60
59
50
63
55
58
679
59
48
55
50
45
63
55
54
59
47
54
731
63
60
53
59
54
46
63
56
55
54
59
52
57
51
50
59
47
54
763
47
763
55
54
663
424
333
330
487
59
52
47
332
329
454
50
619
51
59
47
62
487
59
64
51
62
59
51
50
447
63
60
55
50
63
60
59
58
67
61
55
50
59
55
50
499
63
60
57
55
50
63
60
49
59
58
59
54
47
50
547
51
539
344
313
378
307
372
341
290
59
52
62
47
54
567
59
52
51
50
579
63
55
58
59
52
49
59
615
58
615
272
265
258
219
252
345
59
44
59
302
66
631
63
59
58
63
68
55
54
59
52
59
62
75
63
56
81
78
75
74
63
47
68
51
50
759
743
224
309
522
315
516
269
282
71
59
72
53
50
71
70
59
55
54
783
59
51
46
803
51
46
787
739
172
137
114
51
50
403
51
51
232
281
50
48
214
755
51
58
51
56
47
791
108
97
50
139
51
56
165
58
51
56
51
58
170
739
47
747
143
62
59
56
47
62
55
51
54
51
47
90
450
759
136
125
374
123
62
59
56
49
55
364
345
58
751
91
59
51
70
58
735
72
429
58
527
516
925
54
59
51
54
59
52
49
59
54
863
59
55
54
59
56
51
50
59
55
54
791
59
55
54
59
56
51
50
51
50
831
831
180
469
170
207
396
353
482
63
44
59
58
63
60
59
54
59
53
51
50
1111
63
44
59
58
63
60
47
759
911
152
133
218
47
195
240
133
54
51
48
47
202
839
54
51
47
815
59
50
51
102
51
54
755
52
47
80
125
146
487
132
425
50
51
70
715
52
415
50
55
47
54
699
345
51
52
47
683
51
194
47
999
75
54
51
48
47
555
51
50
47
90
1023
50
55
48
47
807
51
50
47
54
459
51
47
54
463
51
48
47
463
54
51
48
47
443
51
50
47
54
427
51
51
50
379
51
51
51
50
383
48
45
51
50
375
47
55
51
50
783
48
45
51
46
55
51
51
50
335
44
51
287
51
50
43
271
56
51
50
47
45
243
51
50
51
51
51
50
251
51
50
211
51
50
51
51
51
50
51
50
51
50
51
51
51
50
48
47
51
50
54
47
63
50
55
48
71
51
50
63
54
51
51
50
47
55
51
50
51
50
51
50
43
56
51
50
47
47
51
50
43
56
51
50
47
47
51
50
43
56
51
46
43
55
51
50
51
51
51
50
48
45
51
50
55
52
51
45
51
58
51
50
47
55
47
54
51
51
50
51
66
51
51
50
51
50
54
55
50
55
51
50
47
55
51
50
51
50
51
50
47
55
51
50
51
50
51
50
47
55
51
50
51
50
51
50
47
55
51
50
51
50
51
50
47
55
47
54
51
51
51
50
43
56
51
50
47
47
51
50
47
55
51
50
48
51
51
55
54
47
54
63
55
52
49
47
54
51
47
59
50
51
62
51
54
52
49
47
54
51
51
50
51
55
54
51
43
50
56
50
51
51
48
50
51
51
48
50
51
51
48
50
51
55
54
55
51
59
54
52
51
50
51
50
47
55
51
50
54
51
51
63
54
52
49
47
51
50
51
51
51
50
48
47
51
50
51
51
51
50
48
45
51
55
54
55
59
54
47
66
59
48
59
50
54
55
55
52
51
50
51
51
51
50
48
47
47
54
51
51
48
47
54
51
48
47
54
51
48
47
47
54
55
52
51
46
55
51
47
46
59
51
51
46
52
51
45
51
51
50
51
51
48
50
51
51
51
50
51
51
48
50
51
51
51
50
51
50
47
55
51
50
51
51
51
50
51
51
48
51
50
63
54
51
51
50
51
51
51
50
51
50
47
55
51
55
54
51
47
56
47
54
51
50
51
51
51
50
47
54
51
50
51
51
54
52
47
59
50
55
51
50
51
51
48
47
54
51
48
47
51
50
51
51
51
50
48
47
54
51
48
47
51
50
51
51
51
50
47
54
51
50
51
51
51
50
48
47
51
50
51
51
51
50
48
47
47
54
51
50
47
55
48
47
51
50
47
54
51
50
43
51
50
55
47
59
50
47
47
62
47
54
47
47
54
47
52
47
51
47
54
51
66
51
48
50
51
51
51
50
51
51
54
51
51
63
54
52
51
50
51
50
51
51
51
50
51
50
51
50
51
51
51
50
48
47
51
50
51
51
51
50
48
47
47
54
51
51
48
47
54
51
48
47
54
51
47
59
50
51
62
51
54
52
47
59
50
51
62
51
47
54
47
54
51
51
51
55
50
62
55
52
51
50
43
56
51
55
54
47
59
59
54
52
47
59
54
47
47
58
51
50
54
47
63
50
63
56
51
51
54
52
47
59
50
51
62
51
54
52
47
59
50
51
62
51
54
52
49
47
54
51
47
59
54
51
48
47
54
51
47
59
54
51
48
47
54
51
48
47
54
51
48
47
54
51
48
47
54
51
47
59
50
51
62
51
51
50
47
54
51
50
51
51
47
54
47
55
51
50
51
50
50
55
47
59
50
47
47
62
54
47
52
47
47
54
47
47
54
63
55
52
51
46
55
51
51
50
48
51
43
59
50
51
66
51
48
50
49
47
51
51
50
66
55
52
47
59
50
47
62
59
50
55
47
54
51
50
47
47
51
50
51
51
54
52
47
59
50
51
62
51
54
52
51
50
51
51
47
54
50
56
47
59
54
51
48
47
47
54
51
51
51
50
48
45
51
55
54
51
50
59
51
50
44
51
51
50
51
50
51
50
47
55
51
50
51
51
47
54
51
50
51
51
51
50
47
54
50
55
48
47
51
50
47
54
50
55
48
47
51
50
47
54
50
55
48
47
47
54
51
50
51
51
50
56
49
47
54
51
48
47
54
51
48
47
47
54
51
51
50
59
55
52
51
50
49
51
51
55
54
51
59
52
54
53
51
50
51
50
43
56
51
50
47
47
47
54
54
51
48
47
51
50
47
54
50
55
48
47
49
50
51
51
48
47
51
50
55
52
51
50
49
51
51
55
50
51
62
51
48
45
47
54
55
52
47
59
54
51
48
47
47
54
51
55
54
51
56
53
51
50
51
51
47
54
54
51
48
47
54
51
48
47
54
51
48
47
54
51
48
47
54
51
48
47
54
51
47
59
54
51
48
47
51
50
51
51
47
54
47
54
54
51
48
47
51
50
55
52
51
50
49
51
51
55
54
47
59
59
54
52
49
47
54
51
48
47
54
51
48
47
47
54
51
47
58
52
51
51
51
50
51
51
48
50
51
51
48
47
51
50
43
56
51
50
47
45
51
50
43
56
51
50
43
51
51
50
43
56
51
50
47
45
47
59
54
51
63
54
51
47
67
59
54
51
48
50
51
55
54
47
59
59
54
52
47
59
54
51
48
47
54
51
48
47
54
51
48
47
47
54
51
50
51
51
48
50
47
59
50
55
48
47
49
50
47
59
50
55
47
48
59
50
47
59
50
47
62
59
50
55
47
54
51
50
47
47
47
54
51
51
51
50
47
54
54
51
48
47
51
50
47
54
50
55
47
59
50
47
62
59
50
55
54
51
51
48
55
50
47
55
48
47
47
54
51
47
55
50
51
51
54
51
48
47
51
58
55
52
51
55
54
43
51
63
50
55
44
51
51
50
47
55
47
54
51
51
48
47
51
50
51
51
51
50
47
54
51
50
51
51
54
52
47
59
50
51
62
51
54
52
47
59
50
51
62
51
51
50
47
54
51
50
51
51
54
52
49
47
54
51
48
47
54
51
48
47
54
51
48
47
54
51
48
47
54
51
48
47
54
51
48
47
54
51
48
47
51
50
47
54
51
50
51
51
48
50
51
51
48
47
51
50
51
51
51
50
48
47
51
50
51
51
51
50
48
45
47
59
54
47
63
54
51
48
47
71
47
54
51
51
54
52
49
47
47
54
47
54
51
50
51
51
54
52
47
59
50
51
62
51
54
52
47
59
50
51
62
51
54
52
47
59
50
51
62
51
54
52
47
59
50
51
62
55
50
55
47
54
51
50
47
47
54
51
47
59
50
51
62
51
54
52
49
47
54
51
48
47
51
47
54
51
66
51
48
47
51
50
47
55
43
54
51
50
51
50
51
55
50
55
47
55
51
50
51
51
48
47
47
54
51
51
48
47
51
50
51
51
54
52
49
47
54
51
48
47
51
50
55
52
51
50
49
47
54
51
63
54
51
47
67
56
51
50
47
55
51
50
51
51
51
50
47
54
51
50
51
51
51
50
47
54
51
50
51
51
51
50
51
51
48
47
51
50
54
51
59
55
50
56
49
47
51
50
47
55
51
50
48
51
51
50
48
51
51
50
48
51
51
50
48
51
51
50
48
51
51
50
48
51
51
50
48
51
51
50
48
51
51
55
54
51
59
52
54
53
46
51
54
51
48
47
54
51
51
50
51
50
55
52
47
59
50
62
51
51
67
58
55
52
51
53
50
47
51
50
54
51
51
63
54
52
49
47
54
51
47
59
54
51
48
47
54
51
51
50
51
50
43
56
51
50
47
45
51
50
43
56
51
50
47
45
51
50
51
51
51
50
48
45
51
50
43
56
51
50
47
45
51
50
47
55
51
50
51
50
47
55
51
52
47
54
51
50
51
51
47
54
48
47
54
51
48
47
51
50
51
50
54
51
63
54
47
47
66
59
51
50
47
55
48
50
47
59
50
47
62
55
48
50
47
59
50
47
62
55
48
50
47
59
50
51
62
55
50
62
55
52
51
50
43
56
51
55
54
47
63
50
55
47
70
59
54
51
48
50
51
50
51
51
51
50
48
47
51
50
51
51
51
50
48
45
47
59
54
47
63
54
51
48
47
71
54
51
48
47
47
54
54
51
50
63
51
47
63
59
54
51
48
47
49
50
51
50
51
52
51
51
51
50
47
55
51
50
44
51
51
50
47
55
51
50
51
50
51
51
48
47
47
54
51
50
47
55
54
51
48
47
51
50
55
52
47
59
50
47
62
59
50
55
51
50
51
50
55
55
54
52
51
50
43
56
51
50
47
47
51
46
58
51
47
59
54
55
50
59
55
52
47
59
50
51
62
51
54
52
51
50
51
51
54
51
48
47
51
50
47
54
50
55
48
47
51
47
54
51
66
51
48
50
51
47
55
50
47
59
54
47
63
50
63
56
47
59
50
47
62
59
50
55
51
51
54
52
47
59
50
47
62
59
54
51
47
54
51
50
51
51
54
52
47
59
50
51
62
51
54
52
49
47
54
51
47
59
54
51
48
47
54
51
48
47
54
51
47
59
50
51
62
55
54
51
54
55
50
59
55
52
47
59
54
51
47
59
50
51
62
51
54
52
49
47
54
51
48
47
51
50
51
51
51
50
48
50
47
54
51
51
47
46
62
51
51
46
52
51
47
46
59
51
43
59
50
51
66
47
52
50
49
47
51
50
51
51
48
47
51
50
55
52
51
50
51
50
47
55
51
50
51
51
51
50
47
54
50
55
47
48
59
50
51
51
48
50
49
47
51
51
50
51
66
51
48
50
51
51
48
47
47
54
54
51
48
47
49
50
47
59
50
55
47
59
50
51
62
51
51
50
47
54
50
55
48
47
51
50
47
55
54
51
48
47
51
50
54
51
51
55
54
51
51
50
54
43
55
56
54
51
47
59
54
51
48
47
51
50
54
47
63
54
51
48
47
71
54
51
48
47
51
50
51
51
51
50
51
50
55
52
49
47
54
51
48
47
51
50
54
51
51
50
51
58
55
52
51
53
51
50
51
50
51
50
51
51
54
52
49
47
51
50
43
56
51
50
47
45
51
50
43
56
51
50
47
45
51
50
43
56
51
50
47
45
51
50
43
56
51
50
47
45
47
59
54
51
51
48
63
50
49
47
50
55
47
48
59
50
51
55
54
51
63
54
51
66
47
58
51
71
50
47
56
47
54
51
48
47
47
54
43
56
51
50
47
45
51
50
43
56
47
42
59
55
51
50
48
47
47
54
47
54
51
51
48
47
51
50
47
55
51
50
54
51
59
55
54
55
55
52
51
58
55
52
47
49
59
50
51
55
50
55
47
59
54
51
47
56
51
47
58
55
54
51
48
47
47
54
51
51
47
46
62
51
51
50
51
51
47
54
54
51
51
52
49
50
51
51
48
50
51
51
48
50
51
51
51
50
51
51
48
50
51
51
48
47
51
47
54
51
66
51
48
50
51
51
48
47
51
46
58
51
50
63
54
51
51
50
47
55
51
50
51
50
51
50
43
56
51
50
47
47
51
55
54
47
58
55
54
51
48
47
51
55
54
47
58
55
50
55
44
51
51
50
51
50
51
50
51
51
51
50
51
50
51
50
47
55
54
51
47
59
54
51
47
56
51
50
51
51
51
50
51
50
51
51
51
50
51
50
51
50
51
51
51
50
48
47
47
54
51
51
48
47
51
50
51
51
54
52
49
47
54
51
48
47
54
51
48
47
47
54
50
55
51
52
49
47
51
55
50
62
55
47
63
54
51
70
51
48
50
68
51
51
48
50
51
55
54
55
51
59
54
52
49
47
51
50
54
47
59
54
51
48
47
75
51
50
47
54
50
55
48
47
51
50
47
54
50
55
48
47
51
50
47
54
50
55
48
47
51
50
47
54
50
55
48
47
51
55
54
51
47
56
51
50
51
51
48
50
51
55
54
51
55
54
51
48
47
74
54
51
51
50
51
50
51
51
51
50
51
50
51
50
47
55
51
50
51
50
51
50
43
56
51
50
51
50
51
50
43
56
51
50
51
50
51
50
43
56
51
55
54
51
59
52
47
54
51
51
58
51
47
56
49
47
51
55
54
47
58
55
47
54
51
51
58
51
51
52
51
47
58
55
51
50
51
51
51
50
47
55
44
51
51
50
43
56
51
50
47
47
51
50
51
50
51
51
48
47
47
54
43
56
51
50
47
47
51
50
47
55
51
50
48
51
51
46
55
51
51
50
48
51
51
50
48
47
47
54
51
52
50
55
51
55
54
51
58
51
48
50
51
51
51
50
51
50
43
56
47
59
54
47
63
50
63
56
51
50
55
52
49
47
51
50
51
51
51
50
48
50
47
59
54
51
48
47
49
50
47
59
54
55
55
52
51
50
43
56
51
50
43
51
51
50
43
56
51
50
47
47
47
54
54
51
48
47
49
50
51
51
51
50
48
47
50
55
48
47
49
50
47
59
50
55
48
47
54
51
51
48
53
47
54
51
51
52
49
47
51
50
43
56
51
50
51
50
51
50
43
56
51
50
47
47
51
55
54
55
54
51
54
51
48
45
51
50
51
51
51
50
48
45
51
55
54
47
59
59
54
52
49
47
51
50
47
55
51
50
51
51
51
50
48
51
51
50
48
51
51
50
48
51
51
50
48
51
47
59
54
51
47
48
59
50
51
51
48
50
49
47
50
55
48
47
49
50
51
51
51
46
55
51
54
48
53
47
54
51
51
50
51
50
47
55
51
50
51
51
54
51
51
51
58
51
47
56
49
50
51
51
48
50
51
51
48
50
51
51
51
50
47
54
50
55
47
56
49
47
51
50
43
56
51
50
47
45
51
50
43
56
51
50
47
47
51
50
43
56
51
50
47
45
51
50
43
56
51
50
47
45
51
50
43
56
51
50
47
45
51
50
43
56
51
50
47
45
51
50
51
51
51
50
48
47
54
51
63
50
59
56
47
55
48
50
51
51
48
50
51
51
48
47
51
50
43
56
51
50
47
45
51
50
43
56
51
50
47
45
51
50
43
56
51
50
47
47
47
54
54
51
48
47
49
50
47
59
50
55
47
48
59
50
51
51
51
50
48
47
47
54
51
51
48
50
51
51
51
55
50
62
55
52
49
47
54
51
47
59
54
51
48
47
54
51
47
59
50
51
62
51
54
52
47
59
50
51
62
51
51
50
47
54
51
47
55
50
55
52
47
59
50
51
62
51
54
52
47
59
50
51
62
55
50
55
48
47
51
50
47
47
47
54
47
47
54
63
50
55
47
59
55
55
50
59
55
52
47
59
50
51
62
51
54
52
49
47
47
54
47
54
51
55
54
51
56
53
51
50
51
51
47
54
54
51
51
51
47
54
55
52
45
51
51
50
47
54
47
54
47
55
51
50
47
54
51
50
51
51
51
50
44
54
51
50
47
55
47
54
51
51
51
50
43
56
51
50
47
47
51
46
58
51
47
59
54
51
51
50
43
56
51
50
51
50
51
50
43
56
51
50
47
47
51
50
47
55
51
50
48
47
51
55
54
51
58
51
54
51
47
59
50
62
51
48
59
51
50
66
55
51
50
63
54
51
51
50
43
56
51
50
47
47
51
50
43
56
51
50
47
47
51
50
43
56
51
55
54
51
59
52
47
54
51
47
54
47
66
55
44
51
51
50
47
55
51
50
48
45
51
50
43
56
51
50
47
45
51
50
47
55
51
55
54
51
50
59
50
56
49
47
54
51
47
59
54
51
58
55
54
51
58
51
54
47
55
52
47
54
47
47
54
51
51
50
51
50
47
55
51
50
44
51
51
46
58
51
51
51
58
51
58
51
51
52
49
50
51
51
51
50
51
50
47
55
51
50
51
50
51
50
43
56
51
55
54
51
59
55
50
62
52
59
50
55
51
58
55
52
51
55
54
55
51
59
50
62
51
44
51
46
67
50
51
55
50
55
51
51
48
47
47
54
51
51
48
47
51
50
47
55
51
48
47
58
54
51
48
47
47
54
51
51
54
52
49
47
51
50
51
51
47
54
48
51
50
63
54
51
51
46
55
51
51
50
51
51
47
54
54
51
48
47
51
51
58
51
58
55
54
47
58
55
50
55
48
47
51
50
51
50
51
50
43
56
51
50
51
50
51
50
43
56
51
50
51
50
51
50
43
56
51
55
54
47
59
59
54
52
51
50
55
51
63
58
55
52
51
53
50
47
51
50
54
47
59
54
51
47
75
59
54
51
47
54
54
51
48
47
51
50
51
50
47
55
51
50
47
54
51
51
48
47
54
51
48
47
54
51
47
59
50
51
62
51
54
52
47
59
50
51
62
55
50
55
47
54
51
50
47
47
47
54
47
47
54
51
47
59
54
51
47
59
50
51
62
51
47
54
54
51
55
54
51
48
47
75
51
50
47
55
51
51
50
66
55
52
49
47
54
51
51
50
51
51
54
51
48
47
51
50
47
54
50
55
48
47
51
47
58
55
54
51
48
47
54
51
47
59
50
51
62
51
47
54
47
54
51
51
51
55
50
62
55
52
51
46
55
51
51
55
54
47
59
59
54
52
47
59
54
51
48
47
51
50
54
47
63
50
63
56
51
51
54
52
47
59
50
51
62
51
47
54
47
55
51
50
51
51
51
50
47
54
47
54
51
51
44
51
51
50
47
55
51
50
44
51
51
50
43
56
51
50
47
45
51
50
43
56
51
46
43
55
51
50
43
56
51
50
47
45
51
50
43
56
51
50
47
45
51
50
43
56
51
50
47
45
51
50
51
51
51
50
48
45
51
50
43
56
51
50
43
51
51
50
43
56
51
55
50
51
62
51
48
45
47
54
43
56
51
50
55
47
54
63
50
55
48
47
54
51
48
47
54
51
47
59
54
51
48
47
51
50
51
51
51
50
47
54
51
50
51
51
54
52
47
59
50
51
62
51
54
52
49
47
47
54
51
55
54
51
48
47
54
51
48
47
51
50
51
51
47
54
54
51
47
59
50
47
62
59
54
51
47
54
44
51
51
50
43
56
47
59
54
51
51
50
43
56
51
50
51
50
51
50
43
56
51
55
54
47
55
63
50
56
51
50
47
55
54
51
48
47
51
50
47
55
54
51
48
47
51
50
47
54
50
55
48
47
49
50
51
51
48
50
49
47
47
54
47
54
43
54
51
51
48
50
51
51
48
50
51
51
51
50
51
51
51
50
51
51
48
47
51
50
51
50
47
55
54
51
48
47
51
50
54
51
47
59
54
51
51
52
49
47
51
50
43
56
51
50
47
47
51
46
58
51
51
50
48
47
51
50
55
52
47
59
54
51
48
47
49
50
51
51
48
50
49
47
50
55
48
47
49
50
51
51
48
50
49
47
47
54
47
54
54
51
51
48
63
50
49
47
50
55
47
48
59
50
51
55
54
51
58
51
48
53
51
47
58
55
50
55
47
59
54
51
48
47
47
54
43
56
51
50
47
45
51
50
47
55
51
50
48
45
51
50
43
56
51
50
47
45
51
50
43
56
51
50
47
47
51
50
55
52
51
50
49
51
51
50
48
51
51
50
48
51
51
50
51
51
51
50
48
51
51
50
48
51
51
50
48
51
51
50
48
51
51
50
48
51
51
50
48
51
51
50
48
51
51
50
48
51
51
50
48
51
51
55
54
51
59
52
54
53
51
55
54
51
56
53
51
50
46
55
48
47
51
50
51
51
54
52
49
47
54
51
48
47
51
50
51
51
51
50
48
47
47
54
54
51
51
48
63
50
49
47
50
55
48
47
49
50
51
51
51
50
48
47
50
55
48
47
51
50
47
55
54
51
47
56
49
50
51
51
48
50
51
51
48
50
51
55
54
43
51
63
54
47
47
58
54
51
48
47
54
51
48
47
54
51
48
47
54
51
48
47
54
51
48
47
54
51
48
47
54
51
48
47
54
51
48
47
54
51
48
47
54
51
48
47
54
51
48
47
54
51
48
47
54
51
48
47
54
51
48
47
54
51
47
59
54
51
48
47
54
51
47
59
54
51
48
47
54
51
48
47
47
54
54
51
48
47
51
50
51
51
51
46
55
51
54
48
53
47
54
51
48
47
54
51
48
47
54
51
48
47
47
54
51
51
54
52
49
47
54
51
48
47
54
51
48
47
54
51
48
47
54
51
48
47
54
51
48
47
54
51
48
47
54
51
48
47
