48
58
55
52
49
54
51
50
48
51
49
50
48
42
51
50
48
51
49
52
54
51
52
50
55
52
78
53
80
66
63
60
57
54
58
56
112
70
75
72
74
72
143
80
90
88
176
110
115
112
228
228
256
220
222
324
324
352
428
428
568
988
1572
1574
1571
1569
1600
1602
1599
1597
1616
1628
1520
1525
1118
163
168
202
212
177
182
194
196
182
192
189
182
1825
186
196
1852
216
181
1864
1876
212
217
1774
218
228
462
446
276
273
454
450
470
386
388
465
382
392
486
390
400
542
426
428
405
430
432
429
311
308
305
286
286
678
702
702
766
746
822
838
9222
9250
9262
9206
9218
9230
9242
9254
9148
9173
9162
9156
9161
9314
9174
692
9518
9522
9750
1446
1436
1421
1407
1398
1308
1165
1163
1174
1176
945
950
948
167
136
178
180
170
172
169
167
162
172
161
166
159
1694
172
169
1710
156
161
158
147
152
1662
160
1430
180
177
174
171
1432
173
164
161
158
418
430
188
177
186
183
424
186
164
446
450
446
438
462
446
350
352
349
438
362
372
466
470
416
405
370
375
388
373
394
650
674
726
694
668
481
486
479
452
457
454
407
416
413
408
1058
866
2046
2048
1758
1768
1765
1770
1763
1770
1776
1773
1782
1790
228
165
151
174
176
173
171
168
2241
174
176
173
171
2310
2322
2046
260
257
2054
286
296
2090
450
350
352
349
347
344
526
514
582
494
496
493
614
542
444
441
682
498
516
510
866
938
982
1666
1668
1665
1511
1554
1508
1510
1512
1405
1422
1424
190
180
177
175
190
192
149
147
144
1862
1906
196
181
202
179
1924
1762
194
196
1830
1776
1690
502
300
286
296
474
422
354
366
498
478
502
642
638
658
686
664
662
1062
1114
1092
1089
1087
1034
1028
1025
1023
984
1058
1060
709
706
703
1354
1366
318
356
1294
361
359
312
390
392
389
387
1334
318
328
325
322
638
690
754
646
714
686
650
668
698
700
621
662
672
669
666
672
678
1010
1014
986
950
1010
1614
2202
2206
2208
2205
2203
2152
2214
2216
2213
2211
2168
2214
1708
277
247
2806
2454
260
258
2494
344
286
2472
302
312
305
310
263
2474
496
502
514
408
405
414
403
360
392
606
397
311
308
562
296
293
302
299
190
192
722
726
638
630
516
522
690
530
540
554
650
644
666
676
650
334
336
333
263
816
254
256
165
182
164
149
147
868
137
138
132
129
127
124
846
950
946
958
288
273
278
271
268
937
942
546
558
310
312
309
307
468
430
320
321
326
550
550
602
614
610
468
473
470
582
584
573
527
524
552
550
541
574
576
277
275
272
918
914
894
556
441
446
439
436
914
546
524
521
519
516
596
585
602
595
592
821
362
364
361
359
356
830
350
360
398
400
293
862
646
410
420
417
422
410
412
409
407
404
630
330
332
293
291
666
304
177
182
175
172
238
240
237
235
690
678
598
574
534
488
470
566
568
558
560
557
551
556
486
496
485
494
231
492
229
758
200
205
198
195
210
874
878
906
614
480
461
454
459
532
534
510
512
513
518
490
500
501
498
502
504
229
227
224
270
212
209
207
204
750
818
830
830
570
454
456
466
468
453
451
448
648
654
613
607
612
790
636
641
342
339
756
382
380
377
387
410
212
209
207
222
224
197
195
210
212
165
163
906
176
181
146
151
906
694
734
546
550
518
486
822
824
821
819
816
850
852
849
847
832
962
872
869
350
228
225
223
226
236
193
198
1086
224
181
230
227
200
184
1110
1122
1134
260
257
266
263
1170
506
494
410
420
450
452
421
419
558
432
429
726
766
750
1526
1420
1425
1422
1994
2822
2660
2657
2655
2662
2664
2661
2647
2662
1564
3074
2870
2914
2914
1990
1992
1989
591
588
642
644
646
648
694
696
693
263
2242
294
304
258
268
902
262
264
938
284
245
226
231
904
230
240
206
208
205
183
948
958
196
161
166
520
174
176
173
171
560
578
582
566
296
293
286
283
280
518
522
498
510
486
646
874
1806
1804
1801
1811
1834
1844
1882
1756
1753
1770
1772
1769
1591
242
252
2070
284
245
214
211
208
2070
244
2106
249
232
230
233
211
232
217
212
174
2142
2030
526
578
462
570
556
3186
3188
3185
3183
3112
3206
3426
3438
3320
3317
3482
3444
461
442
447
3492
444
445
442
351
349
338
3530
292
261
246
256
3558
154
156
3602
3614
278
3746
742
654
590
486
506
550
610
20962
21034
21044
21045
21038
21062
21048
21045
21054
21170
21012
20957
20954
21214
318
320
277
215
21270
21330
304
317
21338
21310
630
464
461
470
459
436
602
902
870
22382
22384
22333
22350
22352
22349
22274
22276
22093
22110
22112
22109
22126
22634
22602
22526
22362
22378
