90
98
101
96
99
97
98
100
98
97
103
107
98
108
118
123
128
114
126
145
140
141
136
148
149
151
146
138
177
182
193
192
177
165
220
181
191
188
145
159
152
156
240
156
133
130
219
240
250
140
146
198
282
134
178
263
272
222
164
147
233
300
188
232
309
224
198
321
206
368
426
440
438
435
517
399
477
531
460
456
473
525
441
410
505
640
631
632
613
578
630
577
710
607
749
650
652
693
766
801
570
623
621
707
1058
1161
1012
1044
1051
1137
1218
1144
898
531
563
570
538
1276
554
159
559
156
198
150
132
153
142
123
126
132
131
133
146
1525
130
129
143
148
143
130
784
127
127
1330
795
247
133
790
139
124
136
796
127
412
418
829
135
135
142
116
455
132
412
423
494
358
402
147
402
431
442
199
152
390
380
396
447
387
375
412
268
389
361
390
453
359
414
383
1723
382
568
1488
385
1859
544
523
1878
359
1029
396
636
615
602
369
359
414
381
228
229
226
370
625
216
383
353
262
127
640
241
397
370
457
384
143
134
137
364
625
136
435
114
111
368
365
702
140
129
408
1157
156
1264
463
523
134
125
442
423
476
198
574
184
762
2035
454
166
179
656
200
2090
806
645
180
442
1328
571
686
162
469
472
232
507
482
341
356
847
338
363
1456
1372
193
377
196
1390
375
848
183
712
745
902
183
450
388
175
142
420
762
160
464
204
155
475
492
497
696
152
275
158
436
931
1089
524
174
480
479
172
228
449
431
460
251
248
1113
194
2405
171
208
167
386
163
812
747
787
900
149
144
135
134
129
484
519
444
495
232
431
180
281
484
487
1197
147
828
477
178
415
1022
675
389
968
251
504
215
754
396
904
981
417
732
351
366
347
656
677
2250
671
478
293
312
245
772
1067
1794
717
1002
263
268
329
146
263
462
2647
443
1032
163
1095
322
131
402
833
411
440
349
150
383
442
1155
743
955
458
173
172
169
164
163
404
633
420
186
649
174
604
1207
272
653
576
705
1012
617
420
497
1202
637
284
1300
486
478
828
513
1228
911
1542
553
270
798
671
862
997
261
248
507
498
596
521
378
1395
126
803
396
513
604
124
539
138
123
144
653
630
608
1009
596
587
150
437
138
383
641
134
1033
380
417
651
406
844
1121
401
182
407
425
997
660
178
495
509
481
538
159
201
160
219
476
1177
555
560
177
505
1066
503
499
518
864
1336
523
1273
380
956
395
894
543
391
413
388
389
380
389
276
398
411
650
379
1046
377
1318
405
662
390
396
284
262
319
434
250
262
887
416
312
136
133
426
421
710
1115
128
434
144
771
664
140
3201
116
795
142
461
134
154
1305
132
2079
118
975
120
430
3327
130
455
1484
454
752
1559
218
260
561
1500
769
436
1764
1293
1774
576
210
521
206
1547
194
1439
802
925
588
470
1289
490
674
1577
322
1290
639
660
851
554
1166
565
242
314
538
244
1607
251
382
248
385
250
603
258
374
260
397
380
118
685
120
425
1212
1691
158
149
392
120
387
1432
128
407
130
393
132
1503
374
130
132
373
132
381
385
1011
384
461
146
141
150
505
422
140
465
148
140
1507
138
130
147
518
807
140
473
138
124
506
142
929
130
165
1524
1801
128
164
789
138
1808
154
919
752
128
1923
961
138
138
577
136
167
556
571
502
346
603
340
377
528
517
980
1983
512
302
389
1818
306
385
342
336
573
1650
381
1438
395
377
426
394
1282
403
900
375
1338
389
274
397
380
344
382
422
250
391
380
254
397
244
127
248
387
384
260
401
378
268
397
138
395
380
385
124
413
346
473
168
389
384
148
405
390
124
387
126
385
772
391
166
2059
384
2101
576
130
395
1156
160
593
142
417
201
200
777
606
879
586
2137
1421
528
587
557
220
1739
530
675
526
1789
839
664
1761
854
258
498
497
599
501
506
511
2302
501
508
1542
391
388
401
409
977
592
383
391
382
388
572
411
2438
379
1032
1908
1878
415
454
1017
412
405
450
808
1297
1513
2926
2500
675
1173
2932
1706
548
1074
2358
1518
544
2932
505
468
484
481
509
2922
127
2294
132
499
494
497
116
2949
128
142
2333
146
1053
141
128
153
1933
637
146
140
145
134
157
141
140
157
170
139
1069
146
144
141
2204
759
3118
771
1152
703
1672
1435
961
2046
777
730
330
329
300
363
746
379
376
759
1432
375
1410
1437
756
383
386
250
345
1180
357
394
859
394
265
160
143
138
133
404
2211
410
147
164
157
134
139
398
2199
432
151
142
149
158
139
420
413
414
151
150
155
144
161
431
2013
1010
149
136
143
150
127
2251
993
568
145
142
1031
520
439
1327
999
648
157
170
161
490
167
646
1133
1304
1076
666
661
2126
503
495
324
521
382
629
252
623
646
377
1168
665
543
644
399
352
383
2350
601
282
677
423
656
329
2008
1427
376
307
410
431
658
1901
326
495
476
626
2269
431
295
684
281
1256
275
406
2561
268
523
1818
435
154
373
398
509
298
153
852
421
1532
163
148
151
162
159
412
1271
897
139
142
1257
136
549
410
823
587
844
141
162
157
160
151
2430
793
171
973
594
487
608
667
677
197
635
676
877
558
851
679
978
903
288
633
554
519
580
673
651
532
655
1490
311
546
299
530
2141
681
294
545
270
1103
340
279
418
417
673
290
387
290
289
288
277
2806
447
667
160
1813
160
141
154
147
408
427
154
405
150
141
156
151
406
433
805
414
153
150
157
142
137
682
557
1153
550
143
200
165
152
161
868
2767
1767
584
147
146
139
158
147
896
503
913
1700
991
144
611
1796
495
1728
1185
913
566
845
2058
1255
508
337
532
1213
1347
548
601
350
389
864
1249
544
547
931
422
383
2114
869
686
439
1830
445
296
658
378
1277
1092
1057
386
401
270
437
384
273
384
674
276
1381
264
127
380
415
326
433
370
128
1348
130
1085
394
409
126
132
431
124
375
128
713
120
1419
736
471
344
385
424
120
431
144
1237
138
2991
138
1059
1042
132
415
130
435
830
1517
146
142
1053
774
134
141
1212
134
1183
494
123
138
151
136
931
530
1136
613
642
2327
524
671
260
302
921
934
557
684
585
2702
997
882
280
868
504
1231
1016
1723
524
220
515
2566
507
216
575
530
529
670
2387
374
384
714
1615
1604
373
900
377
383
582
254
392
393
1082
377
244
347
1286
269
250
1069
380
272
268
381
134
395
134
382
120
395
378
140
393
124
387
636
399
382
2338
365
130
379
136
1735
732
1437
130
1047
388
338
387
708
413
148
150
401
142
125
150
519
758
156
1903
464
1119
551
568
577
222
782
907
780
796
271
886
207
206
1485
244
1553
617
968
1870
783
530
1969
466
1267
925
888
637
1246
611
1324
507
322
2692
350
645
516
321
1046
2447
234
1324
637
254
245
254
525
535
240
393
254
123
374
260
116
401
132
120
379
110
375
130
1721
637
125
132
1081
396
134
635
627
1417
406
139
133
128
134
413
424
404
136
1333
1723
514
523
1102
1033
160
1207
491
171
788
445
828
1739
178
1857
195
824
755
1044
737
470
1524
1454
581
488
477
564
579
854
329
1274
611
491
2725
369
502
1230
377
271
968
385
372
368
385
372
372
1677
267
379
372
405
390
165
168
381
414
380
417
904
691
662
384
736
415
750
394
471
420
772
692
1437
1766
454
1047
1695
2406
536
415
1808
2190
525
1785
403
224
751
526
520
224
523
114
498
617
263
133
123
138
136
1567
122
134
643
130
631
521
141
914
137
137
132
391
538
132
859
152
197
631
955
464
155
154
151
142
171
1986
1975
563
607
212
287
2719
2055
470
209
470
465
448
1317
487
366
499
329
510
1029
366
1671
370
257
775
1672
781
368
143
264
144
367
402
709
740
135
930
123
338
145
797
635
408
157
148
1789
490
345
394
417
1195
396
157
148
955
388
215
417
1859
948
505
404
1539
219
964
1007
742
255
1522
239
286
1289
737
598
473
466
301
464
1327
1712
2259
757
1984
261
988
291
270
243
596
637
394
135
132
153
386
157
541
639
408
845
132
129
362
389
706
413
665
394
155
154
151
150
145
730
413
408
3081
380
401
158
442
429
1552
648
1297
666
957
422
695
262
779
260
949
1320
733
762
1244
274
2281
758
530
473
1220
1195
748
236
1073
236
2201
236
607
1144
493
232
1051
1021
510
285
258
385
142
253
256
529
925
384
131
572
295
152
139
402
391
384
155
154
149
152
141
650
417
961
386
161
150
153
142
157
394
409
925
470
157
154
151
142
159
504
509
539
522
153
162
151
144
143
492
1831
751
744
159
162
155
152
145
698
509
517
494
157
148
155
174
807
726
501
1107
396
331
394
1535
1326
515
514
1557
1049
398
381
1682
329
662
421
362
319
382
654
2126
649
388
1222
419
300
413
370
653
1408
1392
675
1412
731
1168
415
408
433
318
703
378
658
376
929
296
292
417
408
427
963
302
290
293
130
404
909
403
402
128
146
419
923
150
126
400
1637
405
130
392
483
2014
131
424
427
144
1209
2346
745
598
411
580
441
829
422
1865
189
1331
1416
448
806
459
196
673
195
659
612
560
570
605
1123
682
1812
710
1111
570
1457
555
655
570
569
556
580
579
1033
576
582
806
587
411
1606
433
1364
1323
1578
1637
2976
1041
1068
1509
418
691
862
463
2644
903
488
1099
1357
948
1425
1585
541
538
535
566
493
853
143
156
542
127
981
1184
141
138
135
132
549
596
845
993
186
150
656
214
973
878
699
628
228
2003
1594
1773
642
1590
690
675
1362
740
218
1057
278
751
224
227
222
1821
210
1918
232
1059
128
714
136
777
138
726
120
732
739
124
286
765
1214
145
380
138
1909
148
386
150
417
379
142
805
136
208
219
206
385
406
132
1519
160
815
154
154
470
134
441
130
437
424
493
146
138
435
146
1733
134
441
130
891
150
527
138
1186
140
461
1796
128
539
140
543
130
541
136
167
478
152
1583
478
128
489
142
140
483
166
383
154
385
374
136
396
136
397
393
168
1403
526
1310
589
3688
384
1885
356
631
1104
361
416
395
394
186
385
1064
400
384
411
382
405
578
218
397
408
496
379
1096
413
1962
421
376
490
394
402
413
398
403
726
383
268
405
270
269
258
381
390
258
385
264
379
124
389
415
124
133
288
395
384
136
391
120
381
134
389
142
393
376
134
389
124
405
126
387
380
122
391
655
1866
403
395
1734
631
652
1343
256
407
406
175
585
196
632
1404
194
221
578
755
516
201
640
955
521
380
207
204
209
542
381
381
386
183
216
163
161
412
379
379
386
199
1483
686
397
394
383
1516
443
418
413
738
904
869
707
398
426
1955
445
924
501
438
441
424
896
2331
2040
1615
470
442
3170
300
1967
518
313
306
489
312
131
140
898
312
793
140
477
1014
140
649
175
418
148
831
122
142
140
647
148
1747
144
653
124
464
1252
549
166
945
130
909
178
1303
126
2420
142
565
164
717
128
667
