120
125
127
124
122
125
120
136
127
120
136
146
132
116
145
130
130
143
121
114
116
149
118
143
121
126
153
163
176
128
118
139
166
112
143
132
165
130
131
120
126
123
139
184
130
180
122
128
189
142
128
123
154
196
129
126
124
154
127
138
126
212
150
116
198
142
220
119
232
158
117
117
224
166
125
114
166
116
121
247
248
117
155
182
124
182
129
264
116
141
284
178
116
171
293
136
113
263
220
141
167
131
120
305
194
120
109
179
320
214
121
348
194
124
117
183
118
121
183
218
128
118
360
120
155
364
295
128
123
372
372
129
364
274
130
113
274
315
278
147
136
281
183
129
388
134
151
270
125
163
479
124
129
122
375
117
418
380
290
163
133
122
504
139
376
262
110
380
120
261
379
376
342
243
312
137
376
342
168
376
155
217
174
207
385
274
271
145
140
372
120
380
417
612
159
112
118
398
203
329
376
590
171
324
133
142
603
376
118
658
183
438
130
123
372
442
383
116
376
334
175
133
358
129
388
120
392
117
114
123
844
462
179
358
421
410
235
171
116
233
677
179
120
145
482
119
380
191
370
288
482
133
372
191
380
184
193
198
377
478
463
391
132
177
146
159
381
462
668
205
457
464
402
219
170
175
132
477
206
467
108
380
351
1033
194
472
471
398
384
124
376
230
319
149
170
599
976
238
130
132
487
233
230
491
114
1027
686
1106
323
196
119
608
205
218
583
1157
230
247
124
396
121
623
206
128
420
126
375
141
376
214
132
466
627
145
135
380
129
380
740
122
279
388
1327
144
127
401
122
279
722
224
110
299
676
388
122
155
568
373
222
291
373
964
226
383
990
400
226
555
481
138
372
230
399
712
134
379
822
230
392
692
554
303
246
403
238
319
384
122
132
249
1390
131
405
250
827
120
278
1515
124
270
120
388
274
519
1465
377
364
400
274
120
588
1302
603
138
151
1609
384
266
391
388
384
258
707
384
258
363
692
121
792
258
631
366
380
254
635
246
383
120
117
490
644
230
615
120
454
619
112
121
628
346
369
430
607
628
372
178
365
182
619
1416
170
368
122
515
132
173
131
445
748
178
376
170
363
132
129
362
123
120
373
162
355
124
376
595
369
1346
575
128
1125
112
623
604
134
380
994
119
1377
623
372
378
623
128
133
138
368
379
623
612
386
607
313
127
376
613
130
443
532
1304
375
334
528
596
342
595
388
142
791
138
389
118
595
388
596
138
583
121
166
875
389
126
615
592
1318
851
384
665
118
183
384
389
338
607
108
165
364
1390
603
588
1746
310
363
160
145
600
162
1491
138
651
172
373
397
639
388
124
117
138
163
585
1871
380
376
122
153
362
576
632
355
129
599
384
368
819
384
372
130
135
355
384
600
134
599
125
370
388
323
189
484
424
142
523
373
380
516
150
122
388
628
390
531
1796
436
122
373
120
636
122
535
129
150
360
664
1485
122
121
162
379
401
126
360
162
606
371
384
386
115
121
126
335
126
359
392
384
373
162
491
2346
872
347
1673
155
636
376
343
125
380
158
355
125
624
372
130
2411
117
250
147
2004
393
376
150
1299
372
386
1271
129
118
419
1376
468
377
327
360
2512
138
355
125
612
376
571
217
122
223
376
186
295
616
364
134
315
376
146
612
465
266
339
118
327
352
339
133
130
1176
2133
315
380
380
638
323
127
140
390
129
311
245
490
1495
496
359
373
122
319
134
315
296
127
388
381
381
126
599
376
368
138
301
259
128
386
420
376
134
133
390
131
128
633
372
362
950
303
616
368
149
602
369
126
543
112
138
295
112
303
120
820
118
303
2860
157
383
126
1451
124
362
295
372
126
491
114
124
112
299
376
118
295
956
826
291
385
114
412
384
118
299
628
124
118
295
528
384
862
392
248
445
231
513
122
547
364
632
834
523
153
126
588
1212
130
535
118
110
567
380
663
113
1200
126
676
404
134
283
3169
600
1072
118
283
133
384
380
275
608
1112
271
133
368
364
810
271
348
360
382
279
360
279
616
636
366
283
612
372
275
254
1103
224
433
793
360
620
291
354
605
604
396
885
323
318
291
553
686
354
666
381
519
925
374
902
413
388
717
759
547
527
634
704
3468
3493
3438
381
795
592
364
383
370
799
612
386
384
172
527
668
188
134
164
158
147
204
543
616
122
466
131
779
172
3664
196
184
126
3637
180
636
180
313
566
212
121
686
3696
115
112
611
187
589
193
224
289
765
388
334
184
189
756
180
405
114
164
114
179
746
425
382
152
774
209
386
136
185
118
116
139
3266
507
457
374
120
761
823
816
189
382
827
3840
328
393
382
336
118
356
372
370
114
1049
185
189
362
876
576
895
1004
118
906
453
220
835
904
123
118
368
366
665
372
174
348
1005
197
1068
957
614
289
626
358
708
261
371
4128
425
362
1049
339
357
374
378
3523
371
386
673
371
370
374
1101
433
368
429
1242
782
904
834
897
440
694
4285
844
658
4346
923
3891
564
569
556
160
887
168
170
980
164
133
924
154
159
4658
225
146
144
128
749
960
128
4651
892
911
993
943
1013
120
118
822
840
814
791
810
413
386
127
116
829
120
850
151
1176
865
398
116
127
233
116
399
125
1195
1226
122
407
217
406
358
221
386
420
403
406
368
318
384
374
469
382
1148
379
205
1018
380
410
585
449
4824
1897
372
479
1221
382
399
1253
378
1354
549
598
652
231
420
1110
203
648
4971
484
474
600
144
134
172
313
370
128
386
140
387
120
377
297
116
138
123
1472
457
386
116
131
488
638
135
209
492
457
144
148
123
137
1319
144
135
826
504
129
495
466
466
466
116
386
511
414
128
189
394
116
408
661
537
726
120
402
399
392
517
398
132
169
742
382
112
733
378
428
362
374
748
139
384
177
380
118
359
201
374
160
189
144
470
379
2866
705
136
735
189
926
721
193
793
347
205
366
715
632
930
376
421
378
423
382
642
370
592
365
730
1694
1692
943
383
693
2548
1343
645
1006
438
376
406
654
1328
640
2627
4475
636
5659
1802
5097
1303
636
1286
2062
5062
1097
1194
3222
725
2013
888
5335
1577
887
1004
603
739
623
920
622
653
648
845
619
913
190
929
968
1514
943
218
202
199
1180
253
206
1105
257
872
6106
253
874
854
870
226
261
422
436
426
4877
432
261
1102
436
426
436
958
1103
440
518
442
1102
1157
427
452
449
4917
456
3419
1258
1110
1104
1106
1137
472
462
1106
1371
1107
468
1733
462
499
696
704
1364
505
636
1364
645
660
1370
1364
1302
2134
6646
5087
706
736
2313
707
684
5050
773
170
736
137
741
157
116
1025
205
212
245
844
143
814
1567
124
201
128
122
1095
128
293
197
272
209
1061
1118
131
128
990
126
135
124
3524
3545
952
134
139
129
221
146
303
136
129
119
217
1210
213
1074
385
118
435
1278
213
114
127
1352
120
229
126
123
396
380
118
135
116
580
166
224
122
400
5991
213
378
1468
378
241
386
480
375
481
501
369
371
356
237
366
376
497
374
616
593
386
370
375
370
371
457
606
692
725
354
379
1408
442
461
540
610
378
3193
786
1436
682
617
874
1520
2341
763
679
618
778
808
6052
6308
1894
720
706
726
1894
696
1098
1085
168
737
182
152
168
6443
140
1864
7628
176
206
120
170
1295
6290
1030
114
158
143
117
140
1258
306
136
243
1442
132
2803
952
938
259
956
357
226
963
119
2160
970
1017
1026
128
128
125
978
169
114
380
461
406
187
2173
460
381
130
147
118
2156
437
120
353
379
142
396
433
356
121
123
7872
2428
504
383
114
352
369
449
1548
6498
374
1139
382
397
386
387
120
1223
358
122
366
177
1707
356
181
140
8032
132
650
449
339
388
2410
371
116
134
131
361
169
358
339
626
128
125
425
128
346
115
358
517
372
118
602
124
374
733
355
793
132
653
586
421
372
596
362
359
132
129
126
587
367
376
1893
362
359
128
602
793
630
146
139
380
137
371
457
618
693
746
653
384
382
545
741
387
1544
230
946
1024
374
472
1977
667
637
620
394
641
596
390
628
475
749
771
433
506
710
3644
613
680
420
754
4423
5535
503
1018
1214
448
456
502
667
654
760
693
908
545
458
672
657
451
5421
650
737
678
651
213
211
604
222
698
566
717
592
5342
592
612
1282
4665
680
1537
845
921
9012
1169
848
1294
3576
929
949
1294
3703
2784
1501
9284
5179
2972
1262
782
766
155
881
163
1289
827
860
154
159
1301
122
844
1306
143
124
152
1316
133
120
123
192
174
1391
245
203
146
1375
1097
1514
143
176
1097
1051
397
142
187
149
1530
142
211
410
144
1105
132
125
394
433
401
214
227
128
137
144
486
480
8163
148
4225
254
443
1304
357
167
162
1619
160
205
171
206
175
1316
183
216
1361
1313
166
148
145
510
156
681
231
224
416
410
609
378
579
665
753
451
416
653
606
336
498
1931
400
661
753
498
679
390
669
653
5284
683
981
670
665
628
605
657
925
5614
2809
4029
630
3593
2109
673
817
638
653
1146
737
882
1004
2294
854
2311
909
1054
1136
1265
10502
917
1054
992
1154
964
944
947
940
979
960
1487
152
1439
1214
180
159
2756
216
1435
148
143
164
1030
240
122
1441
158
156
1424
127
1219
1725
123
177
1223
1200
127
144
1206
131
1214
1725
1196
142
115
1194
397
122
127
3105
422
403
128
114
424
126
115
410
389
354
1272
400
122
3104
436
114
390
147
370
382
282
382
1681
530
239
1424
133
1441
1726
131
116
1965
155
144
129
502
423
124
416
645
125
374
142
386
400
1486
138
307
382
388
130
127
124
625
366
1579
1901
298
128
345
126
367
381
586
348
302
1904
742
372
581
138
366
649
359
370
376
685
130
129
374
657
123
720
657
142
127
300
289
618
621
794
359
208
602
620
653
118
359
698
139
633
130
795
386
620
597
122
219
136
753
678
286
127
120
602
577
270
374
617
11536
9745
602
620
557
142
602
139
374
924
381
119
374
869
158
132
121
978
484
633
382
135
897
119
382
560
534
275
566
633
262
374
620
521
163
261
374
2389
899
454
1004
357
386
617
550
353
536
390
617
724
370
369
384
374
1129
3706
344
318
392
789
10398
553
785
380
398
507
397
371
845
380
382
505
394
617
1361
534
761
1207
498
11939
560
569
1248
591
550
621
926
580
12004
1111
3658
664
664
646
644
660
149
1574
1076
138
1063
132
156
126
149
148
126
1076
124
1092
147
152
1081
1210
184
118
156
122
127
1130
131
135
192
125
922
4935
1268
922
171
928
418
414
143
410
390
394
431
1330
232
1046
143
164
141
396
160
150
1331
156
258
407
353
574
154
147
161
1346
244
582
144
518
135
128
1401
632
3538
520
1166
124
366
586
296
158
380
485
374
516
640
389
382
371
489
504
613
710
264
380
621
386
1582
1325
608
786
394
642
383
405
626
384
620
1687
1457
374
392
745
386
4465
677
658
436
533
513
450
686
5298
521
777
6748
1602
2026
984
980
878
697
978
857
727
959
1170
743
901
986
1825
1193
1142
945
11044
13504
964
11698
4418
9195
964
1242
12966
172
1031
184
176
1449
1243
1028
171
1509
214
161
128
155
1248
4089
126
1067
1232
164
1238
1271
140
168
1226
163
297
9866
1181
11292
287
1469
1374
220
1165
1230
1236
1185
1238
1722
143
327
1530
1226
306
423
140
1497
446
1278
320
135
152
429
426
155
1593
1541
410
470
138
1543
145
1342
548
132
397
417
146
410
130
519
136
406
144
601
134
152
406
131
152
1493
401
142
151
488
621
5656
409
142
287
132
153
152
509
393
142
283
272
152
673
150
287
140
273
382
127
749
258
275
370
571
140
809
269
394
387
292
681
673
250
295
1708
410
1781
673
390
237
653
538
913
909
406
580
614
381
12227
654
4752
2982
386
580
599
646
366
386
396
376
649
852
649
394
728
801
1891
657
646
964
3008
3106
3503
1040
2029
646
620
857
5122
649
651
797
539
858
972
1018
657
690
1226
856
886
1320
1221
1032
1181
10802
759
5190
2698
705
695
719
2372
10206
10593
2297
1388
762
1324
811
826
416
809
799
403
415
428
1089
1396
187
176
153
1307
172
168
1411
136
11202
892
494
12204
916
198
1304
130
260
122
1307
1064
240
210
223
313
135
1173
320
274
136
1082
123
1029
184
1073
114
659
666
296
409
1575
1566
406
228
274
195
168
1547
405
370
277
1547
349
12923
1597
1558
380
370
526
409
10974
1325
391
6147
509
1313
382
1641
379
349
1286
11339
644
383
1862
608
509
13481
594
1476
566
509
478
486
591
10271
593
10185
717
882
669
805
870
854
4513
853
859
2294
9686
1904
2499
11904
1064
10796
14896
2045
2209
10014
9868
6932
2642
2626
13084
4192
2618
13055
1558
15015
1262
1256
8913
1246
14227
1271
12160
170
1277
171
4197
156
4278
143
196
1493
149
8686
139
2932
171
145
163
1454
5528
132
2021
1489
138
7357
1516
5161
1486
400
12801
426
399
1508
1518
458
128
125
426
420
139
136
128
398
136
135
425
140
402
142
115
1697
140
306
135
1684
7513
423
146
414
124
131
409
136
394
116
290
2343
438
632
374
112
125
306
136
121
111
693
394
140
374
657
710
127
449
393
587
374
374
377
320
182
335
168
373
385
494
9524
554
378
340
386
386
124
134
120
392
389
7843
397
380
142
370
139
385
388
393
146
391
136
671
553
2244
404
411
154
12615
401
400
398
641
130
163
152
808
11037
934
661
150
2180
11050
906
12895
2224
392
125
418
122
388
11067
381
841
400
398
417
1052
15163
384
435
397
982
502
417
396
434
409
982
426
190
123
388
422
649
118
392
797
526
215
540
213
430
388
385
120
414
398
414
414
13170
401
395
6444
125
104
3713
13113
262
304
577
2363
276
381
1161
2382
268
1081
10874
335
528
713
146
155
140
1131
154
520
133
131
164
445
373
1246
487
1140
482
212
369
383
188
378
164
481
381
1206
503
1072
382
479
1288
493
397
383
506
440
16643
13509
386
709
665
991
385
677
981
542
503
440
801
375
737
781
390
729
637
1394
408
1395
713
470
780
458
606
661
1679
825
8841
925
1092
15579
1458
550
559
548
537
689
1158
543
536
725
1134
674
1025
1054
196
11913
1601
698
6672
722
985
650
939
1056
777
816
248
650
10444
1181
1016
1010
1058
952
805
782
419
15885
6958
872
1057
440
425
1091
424
874
897
510
1101
1062
1079
176
472
1387
184
234
548
9134
188
534
519
508
12275
564
298
1085
12370
1753
1391
12138
1255
400
378
1338
2454
664
1144
437
1339
433
9054
409
429
2426
785
1286
2469
876
825
2716
2548
691
697
692
154
675
704
1053
682
720
146
2665
166
155
182
2823
1596
158
174
144
133
831
140
7786
155
132
146
1219
180
7814
160
988
150
981
122
980
126
126
158
1835
929
950
147
1849
943
326
412
1825
428
2070
1821
332
413
1459
410
338
316
360
458
360
352
383
2031
398
387
11129
1173
652
550
653
442
448
570
721
583
3189
734
589
800
1354
3448
751
1434
1813
675
1868
2718
2413
9037
3428
1529
756
1974
929
2706
3428
756
500
760
516
521
171
179
168
1113
151
889
160
182
6451
925
147
1108
1094
160
180
147
1081
135
1796
150
1003
276
135
144
381
397
154
1159
212
793
1362
176
138
1087
348
165
1333
146
187
136
185
449
142
380
149
1306
196
122
131
408
399
164
158
512
410
416
1269
1287
344
2533
1285
414
3955
492
218
191
492
228
705
234
489
382
659
512
487
721
389
701
311
307
320
673
830
604
1621
1527
602
527
889
1718
539
452
509
474
673
546
491
502
3363
665
874
498
4356
661
1885
522
657
933
661
649
932
545
669
544
2638
543
1745
596
1009
778
1132
611
1060
717
921
729
2718
2756
764
909
782
1193
909
781
975
1297
792
810
791
1256
1337
822
415
432
445
1022
2967
851
456
1265
171
1033
168
1246
184
1426
1262
241
2338
212
18896
208
3083
1178
288
646
1491
2001
722
411
1161
6619
1293
1514
392
1161
1235
402
19049
8222
3364
5073
809
1512
2190
504
514
491
500
1591
492
497
195
165
154
136
143
1397
184
232
134
10645
192
114
180
1080
119
120
739
120
818
715
124
1842
319
1828
758
187
733
742
739
248
729
418
140
146
191
172
131
1649
238
275
132
157
147
324
433
394
140
374
377
374
472
142
396
1728
437
1264
369
482
208
341
366
5469
226
1028
2250
8630
154
151
168
358
144
1350
178
980
344
1066
3119
1013
394
1044
1037
1010
410
510
2110
685
712
1101
1945
522
300
385
417
586
343
382
401
425
404
10297
413
402
409
490
444
474
3239
509
710
901
532
2389
884
1434
4199
647
697
1738
766
1025
1785
2621
737
788
7901
1229
1142
1230
852
843
816
824
1049
883
172
152
154
191
184
1169
1246
1215
204
3095
188
245
1888
148
8176
156
132
182
1093
1102
1110
1093
1242
1096
1089
1148
287
124
1101
1474
440
398
454
219
316
409
1474
124
390
441
272
414
127
124
417
1474
384
386
1462
1218
385
1216
464
441
2526
1624
437
192
509
1490
435
1517
1458
118
202
171
293
432
534
214
404
385
394
226
1359
244
373
200
120
690
687
280
389
482
263
480
412
130
260
136
533
6858
3125
524
1581
210
239
1824
633
499
340
506
196
541
438
454
124
441
678
441
751
1568
406
442
152
697
458
370
393
127
232
213
370
370
148
509
124
377
714
378
152
389
726
136
122
317
130
389
382
379
208
453
134
903
148
249
394
240
385
370
447
224
357
390
378
224
511
950
224
361
722
152
785
399
390
152
433
494
390
152
473
150
381
402
556
401
406
131
352
1026
120
441
378
999
208
401
798
730
208
621
203
388
690
136
465
390
646
136
718
345
207
385
374
208
345
359
378
208
417
2158
127
352
378
208
417
358
698
124
417
690
124
417
646
333
126
351
650
208
361
132
433
123
364
750
208
597
630
581
698
361
378
417
367
610
4100
418
3047
13424
369
610
345
374
374
320
345
231
456
1205
603
958
1381
390
590
581
610
573
378
573
425
383
374
361
458
610
357
425
361
386
610
589
425
958
617
446
446
1126
540
495
456
833
738
1168
502
787
609
1082
671
690
2473
675
1392
2684
697
738
1477
2956
2986
1373
1736
699
692
707
1022
690
940
1525
700
721
731
949
702
1791
146
1836
198
148
8066
2823
840
8127
1064
271
1920
865
306
330
925
2026
917
944
2042
401
420
393
437
421
25063
1090
1080
2081
590
564
570
1388
22380
7383
714
2304
685
2302
162
699
708
693
159
146
2286
2227
126
162
145
1554
168
261
158
1554
202
1523
124
118
192
917
128
901
131
208
941
206
373
147
957
353
954
1074
948
394
195
987
2544
958
404
1023
1116
4901
404
438
2718
412
2497
400
398
503
461
394
1173
398
400
2769
1834
567
601
1201
1178
1301
614
544
637
523
680
573
646
4394
578
589
578
9256
1469
805
886
3229
828
837
870
841
5134
837
3105
1062
10081
2985
997
3265
4728
9650
9769
2051
7638
7580
9816
8583
9836
3946
3500
3565
10616
10554
5927
4311
2444
15595
10053
1615
8812
1590
1623
1596
149
155
1640
7966
136
180
153
214
148
171
156
148
160
157
10818
2001
126
4426
10265
19982
156
1861
123
144
13993
123
1885
236
402
139
124
145
1883
385
396
378
232
127
124
393
414
401
394
1934
248
397
178
148
397
146
396
398
134
127
132
394
384
394
404
525
123
112
394
117
401
130
119
382
476
538
119
464
519
2109
383
364
377
346
127
116
137
150
400
377
657
231
593
198
395
224
374
364
379
7888
349
222
200
360
171
145
430
216
422
522
9448
549
403
212
390
160
378
580
365
271
136
434
382
172
3137
123
578
2302
288
453
127
276
11471
148
837
136
365
486
390
288
881
279
6770
398
152
605
482
382
140
349
123
252
149
378
132
353
386
136
124
378
442
128
345
143
378
766
140
115
434
601
370
369
363
252
118
359
382
120
521
370
2578
2552
298
163
236
333
779
128
873
386
393
2568
509
119
480
385
184
1110
119
334
120
381
118
426
120
373
121
1023
132
5424
505
134
129
830
124
5192
521
369
126
351
380
386
509
373
147
361
168
434
156
11772
166
151
163
380
357
21696
12089
465
390
372
557
345
677
783
11914
379
648
597
389
377
386
653
394
548
384
641
386
654
645
402
653
1266
641
1521
646
8248
20699
649
701
657
1046
626
658
657
444
646
519
1297
767
1449
11484
11496
1021
1058
626
574
617
5750
996
12271
12468
948
981
936
690
690
693
799
1021
822
12590
1067
904
901
632
1090
919
1084
156
1201
1080
171
688
146
144
136
154
132
2214
142
155
233
138
13027
155
165
175
893
890
112
126
903
2276
429
438
942
184
425
934
426
401
948
1395
1257
394
411
404
174
359
156
185
170
387
458
168
405
390
407
190
399
336
397
398
382
362
255
332
574
394
423
492
653
338
444
373
412
453
434
389
474
415
599
469
419
598
612
598
628
682
777
894
1693
677
669
1747
948
717
21745
718
885
993
1046
1126
1177
1116
1083
2069
2022
1037
1189
1387
1099
3273
1305
10676
2660
1242
1236
1246
1251
1276
1281
1275
180
2603
180
161
167
223
2564
155
1641
244
155
1489
136
1448
250
160
116
22526
116
3525
2782
128
1507
1497
2790
1494
142
1479
1502
1510
156
306
1539
2836
422
459
444
385
247
2856
393
410
11114
328
379
240
406
2906
405
386
449
378
378
378
368
461
510
418
2951
2985
602
505
474
371
381
375
449
494
433
442
483
478
638
697
566
483
737
470
3149
550
796
3956
11364
3190
824
4198
562
552
544
542
534
2375
544
2454
2426
651
596
710
240
2124
2345
2125
1030
747
1004
825
3121
813
410
834
2609
10036
406
988
409
434
428
989
3638
870
873
10642
1229
922
3686
974
947
2388
3798
1251
8798
2468
1064
1045
1214
584
569
584
574
620
578
595
4362
602
131
3708
140
168
142
4557
200
167
178
176
169
172
4462
276
150
179
4781
214
171
161
198
171
112
9243
833
124
395
832
20026
834
371
264
390
421
151
144
449
150
132
396
406
134
393
170
423
920
277
396
119
409
294
135
120
394
140
123
140
144
405
126
116
561
414
378
404
457
183
196
309
263
373
138
184
157
1094
128
386
112
413
390
232
685
176
153
1134
442
151
402
397
532
398
530
415
390
124
514
187
140
130
1269
390
437
127
120
757
1916
669
222
251
382
123
697
126
131
149
538
487
548
601
116
669
267
366
396
489
135
340
398
380
130
526
397
136
378
400
717
282
135
358
800
3693
130
288
358
124
386
120
509
126
395
433
534
463
364
653
150
381
146
131
388
374
116
389
645
442
116
322
299
136
285
124
369
111
454
372
633
134
5722
733
676
130
1575
366
557
327
124
134
358
381
532
629
374
135
374
365
368
526
617
139
132
377
379
361
380
116
378
741
380
134
522
377
124
129
380
118
647
453
119
980
378
373
260
255
277
378
545
124
114
374
381
363
280
256
381
126
120
374
641
104
354
625
124
118
1327
236
141
610
649
146
347
132
374
248
358
507
526
1180
156
1114
244
429
130
363
529
366
381
126
370
365
362
353
536
971
778
365
366
1031
363
613
357
376
496
702
508
1203
395
629
388
566
629
400
1573
382
376
613
389
380
846
1233
391
402
758
5460
438
500
785
2257
6468
649
598
1284
842
588
1109
652
629
1212
1121
560
1121
578
563
552
584
722
707
1097
714
751
896
25458
902
679
17013
845
1065
14499
916
818
1136
824
954
17124
448
833
466
880
3549
6366
504
974
509
14194
986
962
974
3556
553
6572
1040
1022
2329
6564
8777
1169
686
673
658
1214
1184
1238
10438
1278
1279
830
1417
919
925
1386
6956
6560
5612
5620
21026
21061
1057
1026
1080
1577
1557
1050
143
174
1027
130
163
169
142
211
140
137
17528
162
147
221
135
238
232
125
119
2993
186
21336
122
127
158
127
7156
1278
126
12149
167
128
2132
1282
428
1306
263
168
1052
406
392
438
218
400
386
166
131
461
131
388
142
123
412
384
381
134
394
425
1434
1420
217
371
216
1441
476
471
393
379
224
454
188
173
162
370
378
200
119
144
249
150
371
378
120
365
207
232
177
114
415
433
195
216
184
518
134
387
473
492
382
390
374
176
1681
156
243
466
818
160
2205
758
231
136
818
140
417
135
128
461
199
478
430
128
613
410
426
373
398
620
453
486
301
146
120
392
377
143
369
176
474
656
477
131
117
446
514
259
708
393
122
231
164
365
122
148
373
498
400
665
142
691
436
389
122
132
361
493
130
828
393
252
369
195
149
378
387
148
373
381
158
147
832
390
15635
373
353
147
408
155
144
621
425
158
147
140
386
167
180
677
158
139
129
562
935
625
136
149
362
387
385
473
2214
467
385
661
383
396
393
402
168
665
1166
490
647
1236
749
400
749
390
567
940
1156
981
381
394
993
1130
606
16568
1105
382
729
33106
729
386
651
665
379
23774
649
444
661
1439
649
487
10720
685
1192
401
1413
598
695
965
407
1216
665
638
479
745
635
642
1417
984
1221
724
957
1137
1036
885
1232
1305
1022
1048
8876
9119
1336
9280
6070
1075
980
1181
148
993
1108
976
1023
1016
1144
9041
1026
1036
1164
3881
4094
3953
1223
4982
1232
3821
1215
1236
1227
1213
1238
5021
1239
1264
1226
9732
1358
421
436
1257
1386
4608
1377
477
1410
1345
1449
1417
1538
2000
1561
14283
1470
3586
657
640
675
672
662
660
675
192
154
107
114
220
181
154
216
2831
184
172
2813
124
141
182
797
195
124
137
271
167
175
273
154
833
350
171
12053
920
246
115
357
922
147
284
898
424
418
169
155
444
382
356
990
222
424
462
114
124
281
251
372
297
418
122
432
418
218
127
116
412
538
123
128
377
418
199
150
313
422
246
183
368
117
1985
126
111
377
418
2136
417
127
297
382
114
139
132
197
297
390
166
215
416
125
388
126
191
389
174
387
132
382
309
378
190
119
468
374
145
565
428
1226
214
139
116
452
361
394
402
151
634
210
140
412
614
114
382
127
156
382
388
1333
614
194
131
128
309
418
130
608
418
442
400
153
377
146
195
565
383
380
405
382
134
360
630
438
135
148
368
397
115
317
402
114
392
377
378
174
135
124
412
669
6410
561
630
174
151
388
369
402
130
127
293
644
402
388
390
155
412
345
850
384
545
134
128
378
384
361
418
126
357
126
383
265
159
402
114
396
24545
390
402
227
232
640
9085
406
388
589
138
396
390
132
617
1030
183
321
1150
155
120
341
337
638
428
333
142
379
120
642
629
132
374
388
337
126
627
374
337
358
6530
152
341
378
118
627
160
321
120
378
1375
148
132
526
386
119
377
305
382
845
378
347
360
337
758
1136
1345
123
389
132
321
118
371
2848
128
441
334
382
124
3031
136
378
382
115
390
329
634
1531
152
137
374
147
349
119
382
313
112
406
143
386
333
135
1400
129
383
329
622
120
321
134
626
112
10885
391
3386
144
129
817
632
134
362
333
120
137
120
362
317
634
37317
396
390
10841
138
135
388
763
866
581
363
409
388
164
522
1325
396
597
370
837
392
383
585
555
1193
370
589
593
394
626
321
362
295
549
1057
384
378
468
432
709
658
593
408
642
661
437
1230
585
833
897
589
593
5585
1218
639
7251
638
1250
1266
1490
1991
636
1256
761
1196
1406
1347
11832
11534
793
4890
7387
1035
1017
11669
7245
885
1422
4699
11973
4699
6661
914
1092
921
904
882
4977
907
162
135
4113
1312
186
2547
180
1217
1660
132
121
182
5123
166
144
126
8093
1210
150
1079
117
146
1168
146
252
118
127
145
1160
1173
396
1138
1161
1172
134
391
124
8057
410
127
393
218
416
239
257
266
419
397
376
398
388
119
360
398
126
368
387
140
121
126
403
401
114
380
150
186
183
382
469
131
412
125
130
1333
130
119
384
377
528
122
1342
361
5067
396
126
372
138
119
382
1413
392
117
376
118
371
386
129
498
365
119
134
657
123
376
386
386
421
376
378
122
2419
656
5707
674
385
122
143
404
117
130
375
364
738
389
358
368
207
320
1566
383
722
22481
17339
360
498
365
399
149
5651
356
394
625
12694
5185
360
378
364
134
127
140
377
646
361
378
443
508
227
370
357
608
378
353
442
199
128
356
382
360
9258
2229
122
5846
381
384
378
375
629
228
409
356
278
299
118
391
384
2328
126
389
385
400
386
123
650
389
146
20290
361
384
394
122
382
361
108
125
361
136
356
353
134
131
124
121
353
123
378
697
394
119
357
132
368
382
342
351
376
378
361
126
139
360
1201
672
369
372
390
123
387
126
381
376
123
389
123
378
389
118
636
407
132
386
365
376
123
370
122
112
368
1213
616
373
126
372
139
373
118
680
1109
671
131
365
122
1064
633
368
127
762
627
393
126
372
630
110
376
585
514
288
1073
115
6000
382
361
114
636
378
357
118
155
136
376
378
365
616
124
726
617
364
386
377
394
619
148
577
376
126
393
364
126
634
135
364
126
397
1112
349
126
374
360
118
152
9425
1370
900
1375
393
405
360
385
612
157
631
381
890
389
620
142
131
198
387
625
774
377
372
152
145
406
373
364
630
377
364
142
174
710
377
628
150
494
379
352
369
146
423
726
365
422
142
126
622
401
372
158
403
140
137
395
405
644
381
640
138
147
388
341
1510
455
409
392
390
661
13396
147
410
380
139
120
376
402
649
380
138
628
113
382
417
372
385
1432
150
158
382
397
142
127
132
137
122
383
396
562
127
392
394
373
490
456
125
388
374
146
119
372
146
119
444
125
119
396
381
406
115
5124
121
122
397
122
116
380
122
391
397
384
119
378
389
384
372
1525
466
171
119
748
386
376
682
1481
376
475
379
389
376
393
364
1548
634
673
380
918
903
386
353
375
372
625
887
481
1356
1346
353
356
370
342
364
385
1416
629
29670
370
370
349
364
374
617
368
373
352
1165
2254
408
714
1169
1034
635
1002
605
742
14977
1445
806
1385
2557
708
598
8724
3780
3768
1186
761
674
914
1241
1171
1012
10315
950
1141
28488
700
13561
3029
1606
2498
796
5206
888
4740
912
1009
949
923
956
4862
996
1011
1009
3106
1093
10870
19946
1117
1066
3209
5466
9908
2194
9367
10672
1177
1207
21952
1226
2782
1209
8384
1995
1973
8070
1290
1410
1310
1944
1299
1290
948
9549
143
680
165
684
128
115
5624
175
984
186
12719
1510
2514
864
2789
123
219
205
186
1549
136
1077
142
195
152
128
917
152
143
365
139
128
159
1554
341
315
136
1146
156
301
914
332
1045
131
410
132
131
328
1641
394
128
119
466
259
1636
129
406
496
301
123
382
398
116
273
386
151
384
398
372
111
374
414
370
116
285
406
378
124
285
351
168
157
395
526
382
404
277
146
371
132
269
444
383
220
289
378
394
269
152
261
134
139
396
134
140
382
140
116
381
695
378
269
265
766
408
623
132
138
451
392
621
513
390
140
140
785
382
424
371
509
245
386
289
378
142
3720
665
386
128
115
373
273
510
168
114
811
273
386
424
465
390
378
391
537
128
386
124
2870
435
261
119
970
479
140
131
393
506
144
128
133
529
382
737
412
2271
374
309
382
377
2267
521
376
789
742
456
261
371
494
1125
630
900
2492
576
378
1074
377
375
376
578
424
505
8773
388
621
545
864
602
630
660
630
746
1134
892
678
919
29766
1135
1004
29853
974
903
835
8093
694
902
703
716
5993
902
919
165
146
122
175
896
130
789
902
123
128
178
245
922
191
852
3613
135
934
183
132
5160
130
175
940
5144
245
6914
950
175
328
1049
931
7708
217
930
175
956
273
963
3664
951
932
114
13021
179
950
947
4909
171
130
416
399
168
978
384
422
396
277
1170
1364
368
1606
2017
438
391
132
509
182
377
159
124
1196
386
120
181
5428
217
458
1928
4217
138
360
477
134
391
124
6357
582
378
343
392
573
26126
3847
562
1259
148
1200
382
122
1180
229
126
407
477
420
217
370
382
391
1256
413
3703
676
666
628
213
178
115
376
241
164
666
126
481
378
411
132
628
442
6590
127
364
445
146
624
4033
410
3607
400
1561
4339
2244
481
4306
358
327
376
461
646
378
144
159
624
2321
646
326
360
1385
399
136
329
273
1454
372
233
610
608
461
370
533
416
398
375
128
345
142
128
382
414
513
386
249
400
358
131
622
501
340
126
370
124
342
327
422
241
126
776
717
622
132
374
717
400
138
339
312
374
497
386
717
382
602
5425
136
146
127
132
713
324
338
535
300
901
382
387
485
112
4630
805
112
326
390
701
371
120
321
411
912
638
3989
374
127
382
194
472
125
383
388
122
315
120
593
642
302
392
638
132
302
119
380
120
225
4914
384
413
302
591
1056
638
590
131
383
144
398
120
429
302
379
386
300
225
187
164
581
382
132
217
294
144
391
124
122
376
126
124
370
529
580
626
213
136
127
126
469
292
650
669
392
327
128
2274
371
213
124
128
114
127
141
298
367
381
1196
122
481
236
493
112
554
31233
112
142
1035
585
384
399
1125
486
555
481
292
382
382
721
627
122
116
292
554
1380
130
327
116
405
554
4749
120
554
741
375
2904
954
117
2694
213
631
114
1041
382
473
108
721
383
1712
342
328
117
178
571
725
559
414
284
418
139
354
168
2781
561
138
131
126
356
288
389
1234
403
214
383
540
124
1109
370
381
261
134
287
120
125
366
917
354
136
485
286
303
748
358
213
122
23405
538
989
382
115
284
473
122
614
116
397
391
178
196
1265
134
524
225
366
485
438
485
134
287
772
121
120
622
2791
542
124
116
769
538
481
123
392
129
374
293
466
217
386
376
148
297
374
485
118
6076
124
433
122
104
112
366
225
1368
111
173
523
229
626
1264
706
370
142
131
140
545
1528
346
523
381
120
622
738
340
132
370
397
160
382
1821
522
283
388
629
424
213
168
110
366
429
543
168
122
196
573
1526
485
176
637
144
118
484
249
383
637
156
128
262
127
232
281
1122
217
260
122
244
146
111
522
114
147
396
233
410
623
477
376
147
548
157
126
978
215
416
245
6018
136
114
6243
688
429
379
124
617
486
737
516
370
138
123
224
769
395
220
469
746
637
122
119
497
225
583
120
538
384
469
118
223
117
639
378
1257
230
398
229
140
393
875
228
406
400
566
1491
1888
379
152
317
526
148
469
122
1571
702
220
1169
208
289
1054
167
204
217
2526
2130
229
619
482
136
485
134
144
482
379
239
134
220
496
400
485
371
360
1421
370
130
175
248
360
7577
126
131
245
522
198
396
6453
368
182
383
305
4866
1351
1552
1608
261
182
360
529
390
130
401
624
513
474
114
508
273
772
281
638
384
553
386
198
131
261
630
376
265
602
130
199
129
676
513
114
127
273
382
198
139
521
462
198
123
496
388
513
530
126
123
257
394
395
132
125
376
444
257
378
372
333
7004
317
378
372
233
1462
199
172
1237
384
497
170
175
396
225
1267
497
638
122
388
605
166
376
378
138
399
153
640
151
188
1039
1636
529
630
628
249
378
170
151
372
365
490
394
127
160
1145
1420
450
123
293
450
183
404
624
245
450
134
392
529
450
135
180
157
6143
388
249
638
134
376
329
630
158
131
124
181
1079
400
249
658
114
545
450
486
379
128
117
388
2554
500
382
398
227
673
115
376
434
376
505
122
640
718
444
521
638
398
132
261
138
151
428
546
273
404
398
167
148
125
395
269
150
245
138
148
129
454
269
164
386
269
1528
162
217
395
164
138
390
269
396
146
126
395
261
394
135
1296
394
501
140
182
375
136
382
126
374
168
122
505
170
128
117
390
641
4582
1803
4648
1645
374
128
182
135
525
180
130
179
144
1461
670
593
136
414
135
414
513
408
394
136
390
505
393
110
757
376
9690
173
126
375
160
122
410
501
392
160
750
150
123
201
410
505
383
380
162
1255
7980
394
501
709
196
1222
642
6729
124
377
383
448
642
757
192
787
394
737
178
390
249
196
501
392
382
7141
2099
253
164
23163
370
241
225
146
390
737
136
166
386
138
123
380
133
741
172
126
176
1563
1161
126
509
120
114
2938
1853
132
395
460
1161
4991
396
118
630
489
119
400
128
362
741
126
374
123
128
124
1070
403
509
132
114
374
485
124
134
403
621
140
146
389
122
253
128
1709
390
225
447
392
370
493
604
214
375
128
366
485
872
134
371
112
486
1641
344
147
124
354
493
382
2362
148
141
122
371
741
124
118
221
856
608
118
1757
112
126
489
111
8285
370
633
136
382
493
124
132
529
136
742
136
390
135
153
387
737
144
152
374
144
137
1538
152
134
370
661
154
135
438
365
138
127
132
117
642
497
112
942
497
460
178
539
621
387
485
156
406
374
849
170
148
378
481
126
115
378
569
670
493
440
382
485
126
120
976
273
220
130
386
489
234
140
374
553
212
378
396
214
163
416
137
638
493
212
198
311
280
645
122
489
208
114
477
122
449
1314
481
212
394
737
192
122
489
206
411
144
137
387
485
180
358
737
120
377
635
110
370
481
240
234
195
490
245
110
391
128
399
176
386
501
176
154
163
1404
378
489
172
126
386
737
131
604
392
109
383
497
148
518
273
152
118
1113
118
465
1278
363
118
438
136
124
118
451
497
140
310
195
256
124
394
1127
116
138
625
124
1130
370
154
140
533
623
229
749
515
8064
143
160
142
118
485
427
132
389
170
359
196
2002
2299
1948
989
1800
182
111
354
501
146
411
124
1169
362
505
154
119
164
130
1197
442
277
132
430
111
474
156
650
8385
120
127
378
297
152
134
131
128
658
529
378
717
115
406
160
142
275
1045
6158
865
136
115
168
143
116
533
376
166
119
309
834
387
152
394
533
152
378
152
146
143
370
549
376
157
150
367
889
132
133
631
172
1176
403
189
533
156
145
136
638
1893
390
2937
482
525
570
244
155
920
469
386
920
386
820
210
165
387
525
372
777
356
450
8707
642
313
400
489
411
1042
453
509
6876
509
436
422
447
620
521
450
541
7083
402
488
4784
701
687
1458
1152
728
490
1010
642
870
526
630
3044
914
9624
1057
1184
18026
2448
833
746
734
733
1279
726
1424
35966
5128
2797
150
175
3849
154
188
907
4342
844
1158
811
869
882
993
857
1033
906
957
25910
2564
309
1049
36200
969
988
990
2752
412
414
456
10029
480
1216
1274
1297
1338
1317
1412
1401
1420
3181
1452
1452
1444
876
868
1598
7402
1238
3264
3401
3382
8487
2567
2299
4678
3888
1492
1488
4854
26991
2275
3734
3469
129
126
1533
1528
118
3817
1570
1547
196
217
1621
232
130
166
144
132
154
180
114
254
275
152
136
115
10838
144
140
1722
6161
140
115
166
123
2649
164
142
115
132
2766
1723
151
1781
128
182
151
418
1809
126
221
457
150
449
131
120
1791
421
164
123
443
144
382
449
227
124
140
382
425
114
382
433
164
154
117
156
154
167
410
1945
126
115
390
252
123
467
461
122
111
517
180
670
116
382
144
2014
351
444
669
136
182
123
144
358
421
164
370
701
124
130
167
112
545
164
352
306
656
489
366
166
425
124
122
410
477
112
130
386
371
112
126
777
120
112
838
205
626
444
221
126
903
545
124
150
426
773
743
526
116
293
490
165
319
419
148
417
308
142
399
124
133
426
165
120
126
2355
390
185
161
2339
112
2350
450
421
160
525
254
3914
515
205
124
166
123
382
597
374
156
181
602
128
421
158
380
370
421
122
159
132
417
354
421
404
358
138
394
281
123
136
373
126
226
655
1061
131
516
120
366
577
112
150
558
281
135
904
148
845
355
169
120
4190
425
122
358
165
130
167
510
461
156
1022
304
114
941
152
114
950
893
114
366
316
370
37329
688
194
311
432
409
128
358
461
140
167
132
125
410
120
166
410
128
167
124
513
344
128
128
167
124
130
363
461
167
370
410
733
164
130
139
124
410
124
482
173
528
127
410
421
364
714
151
140
613
387
136
150
425
160
142
411
152
386
408
126
426
392
130
135
461
128
135
433
374
138
144
133
162
140
114
633
164
374
160
114
421
396
174
127
480
445
461
126
426
408
126
406
421
148
394
681
136
122
135
425
140
398
1349
132
646
689
128
134
139
128
125
114
395
366
124
425
116
445
1579
121
340
433
594
399
123
378
116
681
119
378
429
494
119
216
1605
114
379
385
112
173
124
722
165
434
227
384
381
120
1686
643
425
132
122
642
1617
124
118
115
386
209
112
390
425
1452
459
524
374
673
1120
115
386
429
1716
122
431
129
122
391
425
124
358
673
120
117
362
433
108
394
846
681
108
358
165
120
1030
463
416
113
358
120
13082
358
169
896
129
1527
1542
348
425
114
1083
1226
140
417
864
745
118
135
1161
1240
413
392
861
383
386
116
221
650
374
370
722
1500
397
178
705
111
130
390
148
351
148
614
384
722
123
1842
421
747
366
377
170
127
168
358
1429
369
120
114
1694
1441
144
782
578
387
196
349
358
204
138
1566
140
130
127
358
797
152
378
123
421
564
378
131
516
125
606
673
116
362
421
120
378
140
465
132
122
119
425
384
118
362
425
376
391
118
359
421
112
120
398
135
117
437
1192
114
111
620
161
398
395
761
120
810
378
429
114
407
896
537
379
1257
120
118
390
528
441
148
130
399
156
113
395
649
118
374
717
128
822
2142
425
476
354
408
165
378
417
370
1024
126
1570
437
152
214
827
304
125
142
367
421
108
358
370
209
120
421
123
378
421
172
11849
130
749
378
421
723
378
417
450
446
150
407
377
383
370
659
618
458
437
380
382
417
387
924
1922
623
386
649
425
386
749
1146
665
1130
354
396
1036
882
1309
638
602
774
542
1390
1553
584
557
849
7130
1022
8163
6265
850
767
7622
854
707
698
695
692
6235
690
692
6297
868
757
146
152
132
906
152
816
148
142
152
834
144
123
120
144
168
1014
936
1089
172
125
984
193
947
896
1054
129
958
389
142
998
124
366
300
3778
204
1102
172
1005
201
1134
131
400
406
156
1193
1057
152
493
138
403
109
394
144
1176
1166
378
144
366
437
134
140
153
127
140
237
122
131
136
518
114
124
382
115
558
241
122
408
114
119
122
666
1232
489
122
131
120
485
126
123
116
390
408
1345
118
117
662
14545
122
229
7119
120
390
505
486
229
122
703
116
121
622
4213
610
229
126
135
116
644
789
126
117
626
225
378
408
245
126
413
434
391
388
225
370
245
374
147
205
414
147
384
249
505
374
644
225
1494
823
366
745
644
493
366
253
4310
13008
370
749
267
618
384
493
698
374
388
378
370
380
493
378
749
682
690
857
670
383
876
489
626
659
1182
1096
821
838
1830
578
497
4518
540
8024
1850
1298
825
749
733
1243
11234
1412
679
695
1302
703
684
682
672
1307
709
183
170
732
1329
166
1152
136
1313
150
211
176
141
1310
1323
262
239
861
304
1694
243
1546
918
931
1121
1529
1576
949
938
1459
416
409
406
428
1451
398
1475
390
387
2505
427
388
1094
459
1086
2662
5131
15697
3086
572
1169
1976
645
1213
1719
5394
1632
641
11230
1927
578
2020
1729
2048
1714
621
1706
1341
646
623
632
8217
628
628
139
648
2945
172
186
834
140
212
164
178
703
672
184
125
168
172
131
1558
179
2278
168
11686
906
256
865
366
838
895
410
856
881
282
439
422
417
384
441
8383
2005
402
1636
381
407
449
412
409
336
2257
407
406
497
386
402
389
458
418
548
646
1303
552
658
13451
6101
1271
1260
826
1323
6249
9868
3694
5058
1477
884
42382
9843
31736
4165
881
2902
856
897
979
164
884
110
1085
139
184
23878
932
131
10369
126
9426
5477
176
11789
139
184
150
176
1002
17666
42581
184
10825
130
5067
184
184
135
160
4526
320
192
1134
143
120
1146
150
251
180
1122
196
390
6165
131
116
405
379
375
200
354
200
1253
130
404
122
374
115
344
201
8990
5653
200
550
397
140
151
120
133
366
130
350
218
131
220
126
123
374
369
208
188
381
147
144
126
373
444
122
550
180
114
361
375
433
357
567
379
192
2926
586
192
370
464
387
180
590
357
162
382
5037
198
44403
9664
177
162
633
168
150
614
124
32491
134
395
613
837
380
382
194
127
825
222
371
122
366
131
152
501
130
647
184
394
118
354
373
122
665
116
1686
162
319
124
838
861
160
118
790
710
813
352
463
9556
418
738
423
609
198
628
430
148
175
407
1050
126
727
377
378
116
189
727
605
458
116
384
609
750
1108
202
383
873
180
545
230
1135
440
118
375
613
382
208
609
374
134
111
425
118
171
220
149
386
1911
2634
124
777
166
115
120
370
116
115
466
805
607
120
117
607
428
821
1125
127
680
477
406
389
761
142
391
952
160
138
401
120
433
400
454
498
520
235
870
731
113
696
645
422
400
2202
129
128
1158
588
617
383
382
856
349
468
373
459
1029
811
1200
942
689
462
387
389
689
782
926
685
401
366
651
381
11888
581
471
733
397
542
383
416
1469
382
451
1148
409
969
654
1045
619
386
769
934
709
842
653
657
633
518
503
525
536
1405
527
517
523
1161
649
814
1033
1249
1118
669
35278
8324
10830
4923
672
7697
691
1933
929
1054
921
954
766
1713
766
763
8089
11202
1461
8378
11619
17630
584
13489
590
580
164
1110
155
1061
175
1321
54522
2239
1501
750
1260
774
2537
299
3335
845
409
3405
407
418
1297
427
1546
959
34319
12138
1575
581
1610
1643
9092
1109
617
682
607
584
685
12113
1618
592
173
171
608
186
1655
164
161
196
166
239
160
176
239
152
1656
1285
146
120
205
111
1915
142
201
244
1858
854
186
862
128
3161
854
160
392
890
356
126
122
428
129
290
491
144
238
12363
1944
205
147
168
334
143
404
119
144
134
271
260
157
260
182
119
516
213
494
231
148
2297
1117
158
491
192
157
147
8441
465
371
148
386
183
156
421
717
4430
231
568
381
421
389
9764
406
524
373
689
706
685
390
382
551
673
322
320
319
677
318
324
385
394
2519
677
665
390
709
750
1956
673
645
408
810
395
661
598
531
818
1000
657
31848
793
801
683
8692
661
649
657
661
537
665
937
425
411
564
933
752
440
1089
1025
3941
2220
742
917
921
3731
713
2835
3400
1861
1127
829
663
929
1146
1181
1216
5761
3588
666
637
643
664
654
679
164
655
191
184
1245
1024
2233
243
8537
21805
1395
4276
13085
3347
4017
3511
323
352
337
1178
3911
348
334
331
360
1933
171
368
170
195
165
458
1899
192
174
179
1888
477
2550
155
176
1465
3419
1058
164
134
128
121
160
552
141
140
134
155
129
136
1453
138
147
372
397
162
147
136
133
586
159
148
1173
146
151
433
239
136
134
387
120
394
148
1265
126
123
137
3750
395
184
178
163
144
509
398
483
180
369
164
269
375
512
3410
6103
524
402
1391
857
414
418
949
386
563
398
931
661
593
378
681
673
486
638
11151
669
718
708
2089
661
631
661
1137
989
653
745
676
665
2482
665
679
898
4864
889
941
921
5079
1117
921
2974
1121
1008
1001
4525
1049
1265
4301
2778
1076
1131
1429
1329
1338
5539
2999
10959
2228
1546
3102
3072
1558
1563
646
656
152
184
176
172
168
140
2338
2363
4414
135
2159
188
2352
2143
198
318
120
4558
183
188
218
1799
1798
3481
2215
1789
259
425
422
2601
430
159
144
425
377
1915
177
398
4663
236
393
467
1008
366
403
558
378
195
5928
206
543
183
500
225
2082
231
386
256
398
1189
685
3365
669
310
706
462
2693
694
776
463
661
511
661
653
792
2333
657
1449
653
937
746
720
1505
920
695
688
881
8335
2472
854
2517
897
996
2527
761
917
925
1146
951
1271
921
1087
1267
942
1065
1225
1057
1081
1036
1013
1027
1014
1063
1036
163
1036
1249
1390
1124
1485
6808
3082
7098
1497
1665
1481
1312
1365
1281
1283
1613
1713
4873
1442
7461
1829
5263
18845
990
1003
984
1017
8154
1012
999
2148
203
173
180
154
2163
160
143
184
154
144
167
142
199
153
219
164
154
203
137
151
164
156
1246
4434
227
8116
1254
222
255
413
1274
223
1310
243
489
442
546
448
337
406
327
410
548
483
456
604
709
2677
21374
5127
779
2921
718
745
1802
1759
928
7309
2929
946
1814
1837
858
797
997
933
865
933
7032
1181
953
1137
6256
3444
3172
2330
3260
1241
3291
9188
9052
8038
3478
7015
2556
3543
3617
3610
11945
3826
1731
3746
15314
5582
1889
3909
3773
7882
11549
9010
10771
2038
2277
4076
2266
11053
6716
8348
6540
10178
48266
2340
150
143
2340
178
139
165
171
167
153
139
158
157
129
2722
135
147
163
157
151
175
160
153
131
153
2606
179
152
138
175
132
446
148
142
418
2691
188
2727
2722
188
501
2719
382
216
398
255
540
206
139
152
165
394
139
236
390
179
500
209
391
152
2853
160
145
168
689
238
133
418
143
168
239
152
189
410
689
190
168
209
386
168
653
705
162
811
189
786
135
212
661
426
432
135
126
163
661
448
158
455
662
456
454
606
775
665
608
5205
414
9208
279
512
418
843
584
953
210
235
160
157
220
657
3241
142
159
232
418
152
8385
255
414
3253
275
268
261
414
409
701
386
425
409
1018
663
364
281
308
1097
953
1018
627
632
3389
953
3378
447
457
454
913
1255
4597
466
860
3475
37476
7861
510
729
48429
685
657
482
1099
1040
661
1237
11582
527
1337
1025
666
1188
1065
853
1106
885
578
981
770
1205
1026
888
953
887
8107
733
933
1167
925
917
1454
6221
1457
11525
4145
1057
42518
1130
1025
965
1077
1125
1325
1445
1295
6546
1654
1985
8468
11634
4446
2260
5681
11238
6961
11902
1668
4709
11082
11140
2691
2566
11202
14897
9536
2893
2156
140
2142
2973
2167
140
108
171
144
166
128
111
132
171
144
194
152
160
152
138
2421
164
2449
2397
150
139
148
305
177
2418
160
3093
434
163
156
441
134
197
425
138
203
223
185
131
156
206
123
420
143
425
410
2567
2604
137
382
419
208
13377
154
199
140
149
390
164
2689
142
399
128
397
418
152
2689
378
140
2689
144
114
123
144
402
701
694
657
130
693
126
466
732
663
134
379
132
689
142
547
674
2807
12160
677
546
140
674
661
143
650
701
386
365
658
288
649
390
699
832
665
801
3037
522
623
393
379
3021
693
3034
912
381
3970
661
721
1010
661
1091
755
681
669
673
665
630
661
665
3794
1141
1049
649
1127
13061
1217
829
807
681
1157
776
665
964
853
3405
917
25722
1361
1286
3912
921
1369
4388
1197
1092
801
934
1169
788
829
811
816
814
807
813
215
1162
931
12526
1059
1549
10885
4207
308
982
1857
445
430
1346
1176
4014
1529
1333
1329
1457
1925
694
671
679
168
9591
4644
200
1501
818
812
5154
832
15086
1765
15874
4948
1781
347
356
966
43341
1070
2146
1096
621
619
1205
638
593
697
190
635
5337
706
2165
2782
9964
5179
4859
5381
1473
5248
1495
356
366
339
372
2237
882
348
2252
193
176
174
179
2288
135
156
130
155
128
145
2358
156
1597
208
128
2453
160
316
135
112
598
586
148
182
590
116
1149
123
603
1130
167
426
1158
491
416
466
16032
745
418
402
1795
394
2700
2637
14082
439
384
397
386
395
383
2596
445
390
395
377
831
833
385
324
397
430
323
381
393
322
339
516
44953
3182
1375
488
377
861
338
2016
1993
406
1503
574
531
192
721
1482
192
212
475
581
734
276
330
2863
491
500
709
1126
343
5976
685
657
685
3173
606
709
685
1193
446
11271
937
1014
771
853
2533
858
965
965
1257
2216
1505
1525
2974
1794
6745
4134
1140
1095
56145
1115
1085
1175
1172
1344
2167
1342
1334
1346
4298
4098
1608
1624
705
4614
2276
719
708
701
728
2238
192
781
144
188
140
783
205
200
1809
7483
44393
1866
2224
942
403
426
1002
997
995
1018
453
2283
2100
2065
2139
476
2124
566
7796
548
1176
2933
642
653
2549
674
746
789
773
2353
864
1453
11268
8098
3833
3774
44100
2548
5205
2534
5544
8742
8508
2597
8726
28904
8026
38428
5536
8791
926
20867
3880
3013
51352
919
948
917
32235
4532
5621
5503
5620
3213
31086
5732
5369
16671
17384
3285
5365
5388
3561
2998
5340
1173
8155
5404
3001
30434
2739
8988
11329
2764
3317
18549
49682
4099
1160
18004
5882
1185
1174
18004
5883
1178
1156
1193
8734
33536
1185
33718
20060
1209
5628
17470
4836
4234
21192
3306
3496
5634
37372
3276
3234
31996
44598
1384
8545
18750
8688
3833
1446
1364
1421
1358
32200
11581
4374
3593
38938
8508
19582
9294
1472
1489
5846
28400
20237
24246
14032
16049
14014
3269
11872
9065
9586
58205
9588
8661
6278
44689
40676
9125
6306
1637
20744
6285
54114
17944
17074
3922
3926
23678
