42
50
53
54
58
55
54
53
52
53
57
50
54
51
60
63
55
54
50
54
51
66
49
63
53
52
50
54
51
66
49
85
53
52
50
54
51
66
85
55
52
55
52
52
51
66
85
52
52
51
60
59
68
49
85
46
66
68
83
56
61
60
69
68
80
101
60
59
58
73
94
93
60
57
58
57
86
106
85
59
58
57
58
57
100
102
89
59
58
57
58
57
104
106
89
59
58
57
58
103
116
89
56
58
67
67
60
107
122
89
52
102
122
83
61
60
64
65
60
107
122
85
62
65
58
57
56
107
126
99
62
57
116
138
93
63
62
61
62
57
130
138
87
59
66
63
58
56
141
140
93
59
62
57
142
144
93
63
62
61
62
57
148
154
93
59
66
63
58
56
161
160
93
59
62
57
158
168
93
63
62
61
62
57
158
176
93
59
66
63
58
56
161
176
93
59
62
57
164
186
93
63
62
61
62
57
174
192
93
59
66
63
58
56
177
192
93
59
62
57
174
192
93
63
62
61
62
57
180
202
93
59
66
63
58
56
193
208
93
59
62
57
190
208
93
63
62
61
62
57
190
208
93
59
66
63
58
56
199
218
93
59
62
57
206
224
93
63
62
61
62
57
206
224
93
59
66
63
58
56
209
224
93
59
62
57
212
234
93
63
62
61
62
57
222
240
93
59
66
63
58
56
225
240
93
59
62
57
222
240
93
63
62
61
62
57
228
250
93
59
66
63
238
256
93
70
69
66
65
240
256
93
236
256
95
74
82
77
77
246
266
95
72
79
80
253
272
101
80
84
83
255
272
109
84
88
87
255
272
113
88
92
91
261
282
117
90
94
93
271
288
121
90
94
93
271
288
123
90
94
93
271
288
123
90
94
93
277
298
123
90
94
93
287
304
123
90
94
93
287
304
123
90
94
93
287
304
123
90
94
93
293
314
123
90
94
93
303
320
123
90
94
93
313
320
123
90
94
93
327
314
123
90
94
93
331
318
123
90
94
93
335
322
123
90
94
93
339
326
123
90
94
93
343
328
123
90
94
93
345
328
123
90
94
93
345
328
123
90
94
93
345
328
123
90
94
93
345
328
123
90
94
93
345
328
123
90
94
93
345
328
123
90
94
93
345
328
123
90
94
93
345
328
123
90
94
93
345
328
123
90
94
93
345
328
123
90
94
93
345
328
123
90
94
93
345
328
123
90
94
93
345
328
123
90
94
93
345
328
123
90
94
93
345
328
123
90
94
93
345
328
123
90
94
93
345
328
123
90
94
93
345
328
123
90
94
93
345
328
123
90
94
93
345
328
123
90
94
93
345
328
123
90
94
93
345
328
123
90
94
93
345
328
123
90
94
93
345
328
123
90
94
93
345
328
123
90
94
93
345
328
123
90
94
93
345
328
123
90
94
93
345
328
123
90
94
93
345
328
123
90
94
93
345
328
123
90
94
93
345
328
123
90
94
93
345
328
123
90
94
93
345
328
123
90
94
93
345
328
123
90
94
93
345
328
123
90
94
93
345
328
123
90
94
93
345
328
123
90
94
93
345
328
123
90
94
93
345
328
123
90
94
93
345
328
123
90
94
93
345
328
123
90
94
93
345
328
123
90
94
93
345
328
123
90
94
93
345
328
123
90
94
93
345
328
123
90
94
93
345
328
123
90
94
93
345
328
123
90
94
93
345
328
123
90
94
93
345
328
123
90
94
93
345
328
123
90
94
93
345
328
123
90
94
93
345
328
123
90
94
93
345
328
123
90
94
93
345
328
123
90
94
93
345
328
123
90
94
93
345
328
123
90
94
93
345
328
123
90
94
93
345
328
123
90
94
93
345
328
123
90
94
93
345
328
123
90
94
93
345
328
121
90
94
93
345
328
121
90
94
93
345
328
121
90
94
93
345
328
121
90
94
93
345
328
121
90
94
93
345
328
121
90
94
93
345
328
121
88
88
93
342
328
121
94
97
94
345
328
121
92
94
93
344
328
121
91
94
93
344
328
121
91
94
93
344
328
121
91
94
93
344
328
121
91
94
93
344
330
121
91
94
93
344
330
121
89
88
93
342
330
121
92
94
93
345
330
121
90
94
93
345
330
119
90
94
93
345
330
121
88
88
93
342
330
121
94
97
94
345
330
121
92
94
93
344
330
121
91
94
93
344
330
121
91
94
93
344
330
121
91
94
93
344
330
121
91
94
93
344
330
121
91
94
93
344
330
121
91
94
93
344
330
121
91
94
93
344
330
121
91
94
93
344
330
121
91
94
93
344
330
121
91
94
93
344
330
121
91
94
93
344
330
121
91
94
93
344
330
121
91
94
93
344
330
121
91
94
93
344
330
121
91
94
93
344
330
121
91
94
93
344
330
121
91
94
93
344
330
121
91
94
93
344
330
121
91
94
93
344
330
121
91
94
93
344
330
121
91
94
93
344
330
121
91
94
93
344
330
121
91
94
93
344
330
121
91
94
93
344
330
121
91
94
93
344
330
121
91
94
93
344
330
121
91
94
93
344
330
121
91
94
93
344
330
121
91
94
93
344
330
121
91
94
93
344
330
121
91
94
93
344
330
121
91
94
93
344
330
121
91
94
93
344
330
121
91
94
93
344
330
121
91
94
93
344
330
121
91
94
93
344
330
121
91
94
93
344
330
121
91
94
93
344
330
121
91
94
93
344
330
121
91
94
93
344
330
121
91
94
93
344
330
121
91
94
93
344
330
121
91
94
93
344
330
121
91
94
93
344
330
121
91
94
93
344
330
121
91
94
93
344
330
121
91
94
93
344
330
121
91
94
93
344
330
121
91
94
93
344
330
121
91
94
93
344
330
121
91
94
93
344
330
121
91
94
93
344
330
121
91
94
93
344
330
121
91
94
93
344
330
121
91
94
93
344
330
121
91
94
93
344
330
121
91
94
93
344
330
121
91
94
93
344
330
121
91
94
93
344
330
121
91
94
93
344
330
121
91
94
93
344
330
121
91
94
93
344
330
121
91
94
93
344
330
121
91
94
93
344
330
121
91
94
93
344
330
121
91
94
93
344
330
121
91
94
93
344
330
121
91
94
93
344
330
121
91
94
93
344
330
121
91
94
93
344
330
121
91
94
93
344
330
121
93
88
93
94
343
330
121
92
94
93
345
330
123
90
94
93
345
330
119
90
94
93
345
330
121
90
94
93
345
330
121
90
94
93
345
330
121
90
94
93
345
330
121
90
94
93
345
330
121
90
94
93
345
330
121
90
94
93
345
330
121
90
94
93
345
330
121
90
94
93
345
330
121
90
94
93
345
330
121
90
94
93
345
330
121
90
94
93
345
88
121
90
92
343
90
121
92
91
94
343
90
117
92
94
93
345
90
115
92
92
94
343
90
119
92
94
93
345
90
115
92
92
94
343
90
119
92
94
93
345
90
115
92
92
94
343
90
119
92
94
93
345
90
115
92
92
94
343
90
119
478
94
93
345
90
115
478
94
93
345
90
119
478
94
93
345
90
119
478
94
93
345
90
119
478
94
93
345
90
119
478
94
93
345
90
119
478
94
93
345
90
119
478
94
93
345
90
119
478
94
93
345
90
119
478
94
93
345
90
119
478
94
93
345
90
119
478
94
93
345
90
119
478
94
93
345
90
119
478
94
93
345
90
119
478
94
93
345
90
119
332
94
93
345
90
119
332
94
93
345
90
119
332
94
93
345
90
119
332
94
93
345
90
119
332
94
93
345
90
119
332
94
93
345
90
119
332
94
93
345
90
119
332
94
93
345
90
119
332
94
93
345
90
119
332
94
93
345
90
119
332
94
93
345
90
119
332
94
93
345
90
119
332
94
93
345
90
119
332
94
93
345
90
119
332
94
93
345
90
119
332
94
93
345
90
119
332
94
93
345
90
119
332
94
93
345
90
119
332
94
93
345
90
119
332
94
93
345
90
119
332
94
93
345
90
119
332
94
93
345
90
119
332
94
93
345
90
119
332
94
93
345
90
119
332
94
93
345
90
119
332
94
93
345
90
119
332
94
93
345
90
119
332
94
93
345
90
119
332
94
93
345
90
119
332
94
93
345
90
119
332
94
93
345
90
119
332
94
93
345
90
119
332
94
93
345
90
119
332
94
93
345
90
119
332
94
93
345
90
119
332
94
93
345
90
119
332
94
93
345
90
119
332
94
93
345
90
119
332
94
93
345
90
119
332
94
93
345
90
119
332
94
93
345
90
119
332
94
93
345
90
119
332
94
93
345
90
119
332
94
93
345
90
119
332
94
93
345
90
119
332
94
93
345
90
119
332
94
93
345
90
119
332
94
93
345
90
119
332
94
93
345
90
119
332
94
93
345
90
119
332
94
93
345
90
119
332
94
93
345
90
119
332
94
93
345
90
119
332
94
93
345
90
119
332
94
93
345
90
119
332
94
93
345
90
119
332
94
93
345
90
119
332
94
93
345
90
119
332
94
93
345
90
119
332
94
93
345
90
119
332
94
93
345
90
119
332
94
93
345
90
119
332
94
93
345
90
119
332
94
93
345
90
119
332
94
93
345
90
119
332
94
93
345
90
119
332
94
93
345
90
119
332
94
93
345
90
119
332
94
93
345
90
119
86
92
94
343
90
119
88
91
342
90
361
332
100
361
104
101
94
333
346
102
365
94
331
344
104
117
102
95
333
344
104
119
100
331
344
106
119
104
95
333
344
104
121
100
331
344
106
119
104
95
333
344
104
121
100
331
344
106
119
104
95
333
344
104
121
100
331
344
106
119
104
95
333
344
104
121
100
331
344
106
119
104
95
333
344
104
121
100
331
344
106
119
104
95
343
344
104
121
100
347
344
106
119
104
95
349
350
104
121
100
349
350
106
119
102
349
352
106
121
104
101
353
352
106
121
102
349
352
106
121
104
95
353
352
104
121
100
349
352
106
119
104
95
353
352
104
121
100
349
352
106
119
104
95
353
352
104
121
100
349
352
106
119
104
95
353
352
104
121
100
349
352
106
119
104
95
353
352
104
121
100
349
352
106
119
104
95
353
352
104
121
100
349
352
106
119
104
95
353
354
104
121
100
351
352
106
119
104
95
353
354
104
121
100
351
352
106
119
104
95
351
352
104
121
100
351
352
106
119
104
95
351
352
104
121
100
351
352
106
119
104
95
351
352
104
121
100
351
352
106
119
104
95
351
352
104
121
100
351
352
106
119
104
95
351
352
104
121
100
351
352
106
119
104
95
351
352
104
121
100
351
352
106
119
104
95
351
352
104
121
100
351
352
106
119
104
95
351
352
104
121
100
351
352
106
119
104
95
351
352
104
121
100
351
352
106
119
104
95
351
352
104
121
100
351
352
106
119
104
95
351
352
104
121
100
351
352
106
119
104
95
351
352
104
121
100
351
352
106
119
104
95
351
352
104
121
100
351
352
106
119
104
95
351
352
104
121
100
351
352
106
119
104
95
351
352
104
121
100
351
352
106
119
104
95
351
352
104
121
100
351
352
106
119
104
95
351
352
104
121
100
351
352
106
119
104
95
351
352
104
121
100
351
352
106
119
104
95
351
352
104
121
100
351
352
106
119
104
95
351
352
104
121
100
351
352
106
119
104
95
351
352
104
121
100
351
352
106
119
104
95
351
352
104
121
100
351
352
106
119
104
95
351
352
104
121
100
351
352
106
119
104
95
351
352
104
121
100
351
352
106
119
104
95
351
352
104
121
100
351
352
106
119
104
95
351
352
104
121
100
351
352
106
119
104
95
351
352
104
121
100
351
352
106
119
104
95
351
352
104
121
100
351
352
106
119
104
95
351
352
104
121
100
351
352
106
119
104
95
351
352
104
121
100
351
352
106
119
104
95
351
352
104
121
100
351
352
106
119
104
95
351
352
104
121
100
351
352
106
119
104
95
351
352
104
121
100
351
352
106
119
104
95
351
352
104
121
100
351
352
106
119
104
95
351
352
104
121
100
351
352
106
119
104
95
351
352
104
121
100
351
352
106
119
104
95
351
352
104
121
100
351
352
106
119
104
95
351
352
104
121
100
351
352
106
119
104
95
351
352
104
121
100
351
352
106
119
104
95
351
352
104
121
100
351
352
106
119
104
95
351
352
104
121
100
351
352
106
119
104
95
351
352
104
121
100
351
352
106
119
104
95
351
352
104
121
100
351
352
106
119
104
95
351
352
104
121
100
351
352
106
119
104
95
351
352
104
121
100
351
352
106
119
104
95
351
352
104
121
100
351
352
106
119
104
95
351
352
104
121
100
351
352
106
119
104
95
351
352
104
121
100
351
352
106
119
104
95
351
352
104
121
100
351
352
106
119
104
95
351
352
104
121
100
351
352
106
119
104
95
351
352
104
121
100
351
352
106
119
104
95
351
352
104
121
100
351
352
106
119
104
95
351
352
104
121
100
351
352
106
119
104
95
351
352
104
121
100
351
352
106
119
104
95
351
352
104
121
100
351
352
106
119
104
95
351
352
104
121
100
351
352
106
119
104
95
351
352
104
121
100
351
352
106
119
104
95
351
352
104
121
100
351
352
106
119
104
95
351
352
104
121
100
351
352
106
119
104
95
351
352
104
121
100
351
352
106
119
104
95
351
352
104
121
100
351
352
106
119
104
95
351
352
104
121
100
351
352
106
119
104
95
351
352
104
121
100
351
352
106
119
104
95
351
352
104
121
100
351
352
106
119
104
95
351
100
356
121
100
351
102
356
119
104
95
351
352
104
121
100
351
102
356
119
104
95
351
352
104
121
100
351
102
356
119
104
95
351
100
356
121
100
351
352
106
119
104
95
351
100
356
121
100
351
102
356
119
104
95
351
100
356
121
100
351
102
356
119
104
95
351
100
356
121
100
351
102
356
119
104
95
351
100
356
121
100
351
102
356
119
104
95
351
100
356
121
100
351
102
356
119
104
95
351
100
356
121
100
351
102
356
119
104
95
351
100
356
121
100
351
352
106
119
104
95
351
352
104
121
100
351
352
106
119
104
95
351
352
104
121
100
351
352
106
119
104
95
351
352
104
121
100
351
352
106
119
104
95
351
352
104
121
100
351
352
106
119
104
95
351
352
104
121
100
351
352
106
119
104
95
351
352
104
121
100
351
352
106
119
104
95
351
352
104
121
100
351
352
106
119
104
95
351
352
104
121
100
351
352
106
119
104
95
351
352
104
121
100
351
352
106
119
104
95
351
352
104
121
100
351
352
106
119
104
95
351
352
104
121
100
351
352
106
119
104
95
351
352
104
121
100
351
352
106
119
104
95
351
352
104
121
100
351
352
106
119
104
95
351
352
104
121
100
351
352
106
119
104
95
351
352
104
121
100
351
352
106
119
104
95
351
352
104
121
100
351
352
106
119
104
95
351
352
104
121
100
351
352
106
119
104
95
351
352
104
121
100
351
352
106
119
104
95
351
352
104
121
100
351
352
106
119
104
95
351
352
104
121
100
351
352
106
119
104
95
351
352
104
121
100
351
352
106
119
104
95
351
352
104
121
100
351
352
106
119
104
95
351
352
104
121
100
351
352
106
119
104
95
351
352
104
121
100
351
352
106
119
104
95
351
352
104
121
100
351
352
106
119
104
95
351
352
104
121
100
351
352
106
119
104
95
351
352
104
121
100
351
352
106
119
104
95
351
352
104
121
100
351
352
106
119
104
95
351
352
104
121
100
351
352
106
119
104
95
351
352
104
121
100
351
352
106
119
104
95
351
352
104
121
100
351
352
106
119
104
95
351
352
104
121
100
351
352
106
119
104
95
351
352
104
121
100
351
352
106
119
104
95
351
352
104
121
100
351
352
106
119
104
95
351
352
104
121
100
351
352
106
119
104
95
351
352
104
121
100
351
352
106
119
104
95
351
352
104
121
100
351
352
106
119
104
95
351
352
104
121
100
351
352
106
119
104
95
351
352
104
121
100
351
352
106
119
104
95
351
352
104
121
100
351
352
106
119
104
95
351
352
104
121
100
351
352
106
119
104
95
351
352
104
121
100
351
352
106
119
104
95
351
352
104
121
100
351
352
106
119
104
95
351
352
104
121
100
351
352
106
119
104
95
351
352
104
121
100
351
352
106
119
104
95
351
352
104
121
100
351
352
106
119
104
95
351
352
104
121
100
351
352
106
119
104
95
351
352
104
121
100
351
352
106
119
104
95
351
352
104
121
100
351
352
106
119
104
95
351
352
104
121
100
351
352
106
119
104
95
351
352
104
121
100
351
352
106
119
104
95
351
