	0	13.6842	0	0	0	0	0	0	0	0	0	0	0	0	44.725	0	0	0	0	0	0	0
	23.6015	0	0	15	0	0	0	0	0	0	0	0	102.929	0	0	37.0464	0	0	0	0	0	0
	0	0	0	0	0	0	0	0	0	0	0	0	0	0	0	0	0	0	0	0	0	0
	0	26.3433	0	0	14	0	0	14	0	0	16	0	0	0	17.2931	0	0	0	0	0	0	0
	32.8658	0	0	24.3261	0	0	16	0	0	0	0	0	171.389	0	0	14.3871	0	0	0	0	0	0
	0	0	0	0	0	0	0	0	0	0	0	0	0	0	0	0	0	0	0	0	0	0
	0	63.6286	0	0	12	0	0	0	0	0	14.9397	0	0	0	15.9032	0	0	0	0	0	0	0
	41.8082	0	0	23.1333	0	0	14.1	0	0	21.9089	0	0	235.5	0	0	0	0	0	0	0	0	0
	0	0	0	0	0	0	0	0	0	14.8362	0	0	23.1284	0	0	0	0	0	0	0	0	0
	0	72.2182	0	0	20.2632	0	0	13.7	0	0	15.2	0	0	0	0	0	0	0	0	0	0	0
	21.2802	0	0	74.3902	0	0	14.8947	0	0	33.6692	0	0	15.4286	0	0	0	0	0	0	0	0	0
	0	0	0	0	0	0	0	0	0	15.265	0	0	31.5859	0	0	0	0	0	0	0	0	0
	0	15.0503	0	0	53.481	0	0	53.5962	18.7273	0	50.9637	54.1677	0	0	58.6358	0	0	35.9645	0	0	15.7391	0
	0	0	0	0	0	0	0	0	0	30.0769	0	0	0	0	0	0	0	0	0	0	0	0
	0	0	0	0	0	0	0	0	0	14.4595	0	0	39.7003	0	0	16.0571	0	0	19.2121	0	0	14.3837
	0	0	0	0	0	0	0	0	0	0	0	0	0	0	0	0	0	0	0	0	0	0
	0	0	0	0	0	0	0	0	0	0	0	0	0	0	0	0	0	0	0	0	0	0
	0	0	0	0	0	0	0	0	0	15.7568	0	0	13.6389	0	0	14.6333	0	0	14.6966	0	0	6.30534
	0	0	0	0	0	0	0	0	0	0	0	15.2432	0	0	13.6216	0	0	13.7676	0	0	6.85837	0
	0	0	0	0	0	0	0	0	0	0	0	0	0	0	0	0	0	0	0	0	0	0
	0	0	0	0	0	0	0	0	0	0	0	0	0	0	0	0	0	0	0	0	0	0
	0	0	0	0	0	0	0	0	0	0	0	0	0	0	0	0	0	0	0	0	0	0
