	0	2.92871	0	0	0	0	0	0	0	0	0	0	0	0	4.67153	0	0	0	0	0	0	0
	15.6539	0	0	3.13539	0	0	0	0	0	0	0	0	2.38045	0	0	8.14016	0	0	0	0	0	0
	0	0	0	0	0	0	0	0	0	0	0	0	0	0	0	0	0	0	0	0	0	0
	0	3.13084	0	0	1.22699	0	0	1.66667	0	0	1.53846	0	0	0	3.1694	0	0	0	0	0	0	0
	12.0648	0	0	5.0411	0	0	0.714286	0	0	0	0	0	3.9666	0	0	4.94681	0	0	0	0	0	0
	0	0	0	0	0	0	0	0	0	0	0	0	0	0	0	0	0	0	0	0	0	0
	0	3.94922	0	0	3.18182	0	0	0	0	0	5.05998	0	0	0	4.91413	0	0	0	0	0	0	0
	14.7326	0	0	8.39161	0	0	1.53846	0	0	16.3545	0	0	0.181818	0	0	0	0	0	0	0	0	0
	0	0	0	0	0	0	0	0	0	5.05447	0	0	8.93443	0	0	0	0	0	0	0	0	0
	0	6.79712	0	0	1.86732	0	0	1.53846	0	0	1	0	0	0	0	0	0	0	0	0	0	0
	7.36842	0	0	6.83333	0	0	1.86275	0	0	15.7417	0	0	0.397727	0	0	0	0	0	0	0	0	0
	0	0	0	0	0	0	0	0	0	4.89028	0	0	9.19959	0	0	0	0	0	0	0	0	0
	0	7.30612	0	0	13.1667	0	0	13.2344	3.09859	0	14.2213	6.62551	0	0	12.6337	0	0	11.8115	0	0	10.3476	0
	0	0	0	0	0	0	0	0	0	15.0413	0	0	0	0	0	0	0	0	0	0	0	0
	0	0	0	0	0	0	0	0	0	1.96809	0	0	15.9278	0	0	2.55009	0	0	3.03448	0	0	10.4348
	0	0	0	0	0	0	0	0	0	0	0	0	0	0	0	0	0	0	0	0	0	0
	0	0	0	0	0	0	0	0	0	0	0	0	0	0	0	0	0	0	0	0	0	0
	0	0	0	0	0	0	0	0	0	1.96809	0	0	1.72249	0	0	2.86738	0	0	3.81565	0	0	10.5645
	0	0	0	0	0	0	0	0	0	0	0	1.96809	0	0	3.23144	0	0	6.13391	0	0	9.76939	0
	0	0	0	0	0	0	0	0	0	0	0	0	0	0	0	0	0	0	0	0	0	0
	0	0	0	0	0	0	0	0	0	0	0	0	0	0	0	0	0	0	0	0	0	0
	0	0	0	0	0	0	0	0	0	0	0	0	0	0	0	0	0	0	0	0	0	0
